Id,SalePrice
2658,131614.148813702
2718,148873.83104811533
2414,179394.93073030713
1989,98017.1113109818
625,179225.84131583734
333,104375.23946259273
1327,117726.86999357998
858,176939.1654597095
95,177834.38857714416
1568,169415.2160839234
2482,172276.5792408139
1364,125310.05733117403
2584,148972.34252809116
818,283919.75571688125
2673,151675.68347319667
2089,145165.70339986042
1297,132345.75256462555
790,119797.56377032274
2616,180781.81087266293
720,199436.54863353036
222,149716.09113647143
557,124844.62870240473
1148,209157.95876087126
2766,165712.40313533123
534,187047.01129149063
1452,120748.74384377403
630,138790.68129089157
2648,112111.01013810135
125,152565.21424747418
1904,70541.87997318972
1670,116261.85928169457
756,104417.20873576256
717,250529.62130616498
1032,159595.92057373904
852,232007.7556945167
1731,165010.0233139468
2639,116035.113539515
2071,76768.23591336061
1267,100457.8016097764
1851,180760.88072972398
567,132155.22124229878
2439,213326.60805879708
1898,147459.94557101678
647,171611.4286148009
2256,240154.71224170952
979,122413.61170751057
1444,222158.50640176085
2485,115931.51743423281
157,130146.6473683823
88,126840.7701742154
2003,109462.7252626242
186,223677.0435420405
1425,258530.57091624592
2695,131114.5241748051
738,103087.58503434592
395,158000.7873400933
1353,155729.14448020805
1878,143300.81807063852
390,158957.5712127095
1456,239121.2143500408
1103,326907.9066273882
1387,109022.36513244471
2070,161663.0358624481
1199,184871.6963989754
2479,180101.733591782
501,328198.2281929201
2362,98701.1274107497
1718,213805.2236570655
2188,89660.02894132814
1483,145839.41629647324
2557,73089.43851475103
437,352162.2804172895
2224,189997.24569277745
1628,155497.99260704304
397,141269.50525833707
587,212093.59685999522
2182,557193.206070401
971,132826.13464096258
2611,147236.47559685475
1887,105666.11257898458
2399,375460.4065993519
2148,203372.5905156894
304,108790.21988801197
1997,133522.1189810899
2817,122885.57297213902
1431,209718.0856636025
427,359358.5385230193
263,121849.47589603739
598,187650.6064007756
2895,239210.74605513265
687,145667.70649334887
1822,134389.4817560571
2191,93694.08849704615
179,125726.92601220337
1009,195756.89659931898
2010,125811.33802192824
1991,137959.50346825627
1411,170439.8519504751
1721,257140.39724168717
1144,197964.33436708566
593,212017.66720845035
575,325819.52257414267
1249,177181.7132426147
1604,120294.57859287711
1064,496091.651845594
1923,163896.20980248915
1988,97953.68385646002
2325,157937.43185495527
114,210904.1354445602
2700,141173.9856936295
217,146260.09092731844
343,176207.56351427195
386,229174.9793452455
2005,140109.41083779134
2908,137605.3080077446
1814,228213.73000945346
2446,457463.9890825651
208,159324.30058866457
1679,119266.17818341113
822,357599.1970827306
6,184137.23523731803
1781,421215.0722717376
2397,287516.96444239066
2340,298647.4167604748
1618,172997.11440317836
2843,111094.56143164368
1061,372880.1396511894
2786,119640.19949849612
1935,130565.65291968122
1341,113463.22794279458
521,262216.899549433
2136,137687.87346954326
996,187733.55637628812
227,143306.17178891262
135,174977.74508282816
1167,164734.13115542018
294,227122.92699697282
1776,189250.52299769866
540,167134.9744931604
1717,213805.2236570655
2303,126275.18985239128
116,187908.64775234973
127,136534.76143457525
1371,136541.9920914772
1014,139469.32743075746
1507,94317.29593766977
702,146566.92493060947
750,145453.9231944452
261,159085.46279046702
1559,71221.52028176833
577,204152.51026767053
2812,197270.95812407543
2080,150676.82083864132
1368,105901.75086055604
2376,124459.76847947337
659,92558.02461493196
1235,127430.70365972359
332,101595.8891426008
1917,130260.28944293613
2094,267355.15124492126
1460,269667.3208167788
1471,234462.82373559132
1509,128065.97364730207
1922,132863.1473441935
433,487657.4521169217
460,260671.91787569522
1116,254098.2605283367
1137,169653.23918927344
53,184293.9139823731
2354,261853.47125971605
1475,207828.211628482
1761,508519.9751586074
842,139251.14831234264
2739,176540.22415289495
2509,128402.30469206569
1007,207150.3933631658
2610,177092.66702137075
1952,69144.87184146543
2719,143834.12593981955
2921,104130.24403294067
1966,135046.9678741925
292,132386.7020898926
1204,196660.31579243398
1829,261955.35682180148
2419,183782.93759372146
391,155559.35125183134
798,111134.51832271597
481,181009.69592925935
193,201219.07821848008
555,109768.26957715515
899,72892.85980871145
2357,179918.07248595037
328,147940.0785073269
1356,115280.7968168879
1154,116703.1705158629
1730,162737.1834639025
2249,145821.0431962661
1119,273690.1004209881
2856,139666.677716228
1394,119201.98207699959
2587,123988.19334275031
61,310305.1978294663
2661,172333.10467649938
2711,125728.72418493076
1147,193820.2304260753
757,150523.06264385756
2623,92775.2148022471
2378,153648.50701078307
1413,136039.12455727134
1722,226344.58809244406
1112,224045.82308551387
1623,185534.21305230822
1201,211963.13625397836
1513,126801.30744941013
957,285483.36373902624
1171,267919.05636965553
1145,202233.97687373313
2726,246127.1278112902
703,159855.96674566186
760,78939.75718895787
1964,141211.0363212552
2512,170688.93337216548
159,123901.30702143048
1281,165460.46890906178
468,164321.59871141944
290,106449.83077101911
665,98655.37045138923
1463,271221.3986421781
1792,219950.14849512058
923,131508.10452619617
500,294930.66499146126
1408,200200.70354143702
331,79886.64875740904
170,132260.08880956174
2192,98717.22568364622
2571,292340.4555567942
2314,155015.1236713445
2647,90532.49271738042
422,449310.8433372017
2457,352873.152304589
1838,195897.3048878608
2805,260949.08899152584
1645,163547.42684369977
1711,304571.4804805154
2825,263459.5796263823
322,360155.74775313505
2103,267049.95905269583
342,105760.14314348462
600,121277.97325124289
488,186410.38199039357
1725,318519.0053131962
2246,282364.484559766
2847,171509.07282377782
806,248242.7682046694
530,233262.36357021442
963,197728.28524258826
2678,86082.49547146166
171,81793.35135464267
2401,438365.1104304138
805,228651.96222159234
2259,244246.29566843167
1748,156017.3623000372
1361,130506.32108395043
1677,122793.35133915613
1406,144161.92562114907
2322,235903.74185809196
688,143446.08871780007
143,131694.6546490481
804,202718.49406493024
1214,161128.60451667235
2828,153111.4014812195
1999,182606.0601462244
2467,184572.03122471366
2665,157547.91070136247
1538,406536.4319150817
398,114232.83613940314
2822,138292.3313797065
2157,142181.8791822258
1856,204044.7684076208
1269,98186.93800777764
2570,108883.63502212643
2320,230259.70588077453
1517,129191.1171753332
2304,120059.99300727434
1312,99433.85372815048
2012,128166.97701349593
506,222258.52751679596
2865,205964.25579746527
2367,99582.24044457382
554,62668.24378048489
238,130558.05439264614
1954,116918.0685072972
2488,132028.80640508805
2291,106154.77974003932
1969,116004.55186240337
2725,157726.17522955954
1482,143726.92062127692
2763,188926.8581292348
503,248049.44030466874
1584,242582.21227446786
1531,125570.43621037956
2210,155992.35233381798
459,344888.4818617129
556,130059.42486710215
1347,143383.63721329358
1290,72325.9340721953
1388,108848.62421149797
1571,228577.44398775537
2754,198530.2472090191
765,131694.29592519722
2494,119921.00107450315
2870,183546.18186434146
7,218086.9242355338
1114,251399.81521351766
2418,293675.233625234
291,161741.99162885777
18,334470.11356073
39,377090.785881885
1001,266865.75347467116
2442,246033.3778908268
616,114826.35100316297
2680,74621.5916994447
1414,129421.32778565824
289,149980.02019214764
40,235706.30706371687
860,121195.36906499878
409,126483.57581286374
673,133856.33378913117
2427,185077.9824682375
2036,208583.28306775153
2564,143946.071712894
642,153994.76671613185
1008,184028.01080656945
1908,157476.51539952576
2519,221231.09113302425
1369,88204.2709066106
2855,143163.27293434422
712,87323.76131270001
1943,120939.11043935148
1958,132065.66255547362
107,145063.32322365136
2295,174243.49776084087
704,101798.006803943
676,132657.55092770577
259,190978.34716932787
93,284904.52619541925
106,234143.1527218962
2315,176611.7609780289
1050,110418.31389106598
1095,188301.52251593984
2709,154448.5269060348
758,140141.4962211518
1496,165877.80550290074
2370,131590.7249457911
2458,272223.14230713923
2733,126061.59406696944
161,292233.7830613776
726,161161.28329670368
845,220163.8933135389
947,258037.24001376375
2232,133629.80054930254
2563,155371.03441094354
2299,126256.92673137349
211,82231.81178469522
605,137829.71080844782
1478,196046.89419505032
2247,281333.13853750157
2274,195985.09371149357
2869,208521.5085044269
967,227624.2299267553
2656,128355.33023686596
667,180633.6877506368
1042,104094.77127867272
2023,157227.6386435448
2447,401605.17612305447
2055,116260.40616914789
2275,307118.5177016183
2204,158770.02423489044
1563,283817.66674884653
483,209605.7164242479
796,138559.55177098548
1526,157440.85441636923
2042,126367.51185092314
442,354138.16424765694
1693,329057.28698500805
1468,219011.68969145807
1430,201007.07493782457
2605,125630.10053350095
1529,170089.03095230294
335,126442.62140128945
1287,137556.00879603298
31,105639.14450248859
1785,311689.19439125515
82,156803.5621840834
2620,104663.91348441297
252,179146.20843090856
721,73553.57586103953
2165,175166.66876994143
2316,177207.0298548042
775,130189.70068722672
1558,83978.92566119113
17,212679.4693909982
1022,241529.11529025188
925,114186.00299500275
438,282993.0560390594
1270,125855.01083637649
1272,119615.5560549749
215,133147.455643706
266,231832.9371623539
2402,274592.4481405524
1250,129402.95183672968
1984,127329.64048823554
1279,140711.73847857118
377,255588.80435039315
1252,137297.9488698721
2156,263549.83569442393
499,331659.34191694186
1374,111105.58535291688
2898,234338.5395141472
401,114443.43686841751
2721,151722.10625012656
2078,233824.4122500901
2589,126988.07009409845
1946,252247.27621230655
1334,123607.84071290206
2781,226714.1132879249
431,397802.9321872993
576,226632.72568003615
1474,211833.7392820472
2254,147226.80755777194
2155,290637.1757386188
885,122478.19643712735
643,132610.16610854398
1944,124982.08752167896
480,185093.31665733847
2845,106827.39102345437
2387,320769.1574868998
2407,193628.5228362612
2527,158541.2442064839
2514,114614.22605920199
629,118334.89639406555
80,212703.53176968548
1876,141818.6937606042
1546,117347.3556590538
2518,178339.77929276595
2347,169808.57760053745
783,269554.4420443293
1322,40905.162720934895
194,78537.59168627471
1770,305573.1722027273
2143,139708.76943368957
1229,219699.75251946534
511,292605.7489744111
46,214305.0084413152
1348,128410.17306626722
2465,180240.56592670435
387,229522.08906195287
873,224678.85610367797
1918,132839.8323308517
2764,238330.46173179653
2184,133527.29630332103
934,145917.91821826095
1920,127864.2096501216
2631,138646.74452215835
1768,602542.251074072
2040,128970.56075832913
1749,222453.60447922198
834,248571.3378752511
1457,246202.68210345326
79,111862.7700021656
2302,122050.18292245516
1817,141307.2513112196
2755,257893.5119424095
359,163343.3606369915
2059,112416.33902611413
2092,258877.67037363478
2516,225978.29013034666
150,121545.43432404553
1656,150574.24248142543
83,101253.92620880657
2411,186887.76988617308
795,89112.57356466788
2312,232226.15505345445
2917,71686.49312989984
1624,171522.8846447247
2215,277004.17527443636
1211,147990.66039961277
1485,147428.97287692453
1024,162697.961926318
570,203394.0786981475
2874,147425.46367257868
700,108438.04197102558
2756,205536.32266757052
2022,183008.60946793784
583,224711.0189741061
2392,369113.92187367764
2424,196868.39721037733
212,109659.6222202963
736,137451.05515322846
1610,179738.94556352406
890,124963.24805779371
467,160123.05759236275
578,247880.70505711317
1747,163198.3337559568
1149,172256.19691011024
2758,250562.76439742604
857,133455.41902465705
2219,270429.8969652791
733,114841.14454386916
2909,122238.06079015738
1798,265839.9734544768
235,146697.5738688895
2366,139566.02460408508
1027,130591.42636135124
1195,135785.05010080844
1303,44457.60210625772
148,182607.21829821033
608,146345.52473368298
2515,183634.73247039193
821,293796.2564015846
2500,264607.6484887463
745,114216.9186953414
741,129096.08739064066
1611,98579.12882371513
2532,127435.38886425136
1081,242379.09854988268
1692,439703.4919317829
2520,190662.55544907547
276,96121.49886802772
1992,133089.35244385077
663,70126.23195001924
418,125433.60536345962
1733,166432.1024965634
2359,145461.02694085517
253,196070.64419561205
1518,217574.28294597473
2035,133292.9397181792
2919,94541.81238467422
1540,244346.87805790742
2120,149390.17724160574
1674,181058.16583179927
256,150264.98506779748
2361,101986.13765939763
978,86555.39278488026
2280,166179.786453693
2095,240808.98236934972
1709,341786.6790751552
2801,255466.96295157535
1246,98709.23702699895
2373,107864.21252049172
1055,279183.38984238333
2017,122699.3503330111
1099,264346.3648003036
1344,101657.45021156673
835,198623.82700003753
1117,205316.35518236284
2043,91218.52350096623
2085,136083.12914041936
410,157775.59822846638
2650,108376.02161771677
2867,151757.36604875798
1668,116713.47882099901
1161,151991.05834409423
2122,172629.4570353111
2539,142430.93352405322
1047,142648.41350131872
1445,123108.90233699483
541,130310.66028136498
569,231041.14013406553
1276,112350.60721042409
918,126425.14586365974
326,165692.22942990987
1936,122443.09208931749
895,107465.05725309238
257,144194.11683966577
1241,172231.4286981227
1545,119050.67131681916
1189,175239.97596535608
270,138862.56298115256
2066,203490.67965529923
693,106000.7337920549
1259,99040.41627119924
2916,157773.00972078377
2321,308807.6216455322
1977,116275.7131799588
1895,154754.57057555934
1240,159039.6160341543
85,141813.68905898754
1823,127002.99900917005
825,305014.9601065692
110,225179.12631607108
697,115419.93518964315
2297,104403.2430615297
1231,132334.52298730786
1355,130970.54584348343
968,375538.00130371645
584,225017.7568115624
1315,106550.68977936282
1606,139548.42288114314
206,120571.74380962388
1685,365674.09370692214
2016,134934.67158270505
869,205159.97589254673
2135,120554.26963387258
2346,167973.55945048298
2430,239723.45042196743
2198,73062.78428708987
2652,132765.51851845533
27,114445.49558516743
241,178731.30292398494
906,120805.27898058458
1506,102519.56663056684
2098,392968.4694560069
1435,217409.17870159805
2213,116298.17766067524
1274,133101.61419918627
743,61882.76219200759
1737,204568.78877963647
2797,291287.2685502056
2185,87032.09575367306
58,156089.9189659658
830,199262.14649784527
808,124018.30703200414
680,137666.21171146212
1153,113386.91192661157
1291,129210.71758474752
1818,154772.79946370173
2161,176915.3562659535
1883,116096.25622064914
350,341184.73307011527
2473,137564.79027575193
295,176862.97107294016
293,193475.71415984628
859,126076.18730962276
288,79168.98684570895
1578,147085.28678388518
102,184242.00428703762
2831,155595.65423079245
1030,171204.96976257543
2551,142395.48340354935
1286,173857.04986403222
958,325485.45186495234
776,122678.93972583875
72,217737.42128876623
2263,253810.85589769948
1866,149260.07381732579
2876,74337.08965399752
2146,260423.649865035
103,162047.03798648898
1500,150968.73170490944
492,174913.0810137032
167,136975.84833258713
2597,114690.35250727585
2685,113208.08340228308
1035,156653.20737165905
1220,76484.37616114548
2602,143236.51403358014
2159,211263.32178519247
695,139166.09242009703
1109,260831.34734144591
640,176628.41353330095
1652,155953.6074762389
2090,171549.31518604566
1188,168638.01273162433
2345,225195.62741211534
1059,409318.45127267233
2751,230064.91705714108
128,224513.1811142796
1523,168998.04830726903
2925,160955.56966559196
2145,294391.4929872032
1121,216581.20783066514
566,276384.40471916756
565,230383.16797982363
1331,150477.66046661514
2928,123951.358952316
156,145763.07175811997
797,138423.7034655402
327,107996.55897098058
2859,120701.98656855633
1453,114284.2388707581
1762,342477.504035551
1868,201506.15298992678
1760,174317.46093470202
1113,260259.49223871843
1812,198951.22450309375
117,153066.55044894476
1142,216097.30967700313
2342,405787.7741905833
927,135164.5746284147
2478,190918.1897513778
655,81189.21048788683
2064,120980.2347230944
369,251109.4018513721
2239,124644.04322020365
2732,233575.51849750627
1653,167238.65743358963
959,199354.143367043
2395,351723.7632640819
1412,106131.62356216584
271,258063.89610316
1484,142516.28075534373
1497,156411.41205306302
552,155484.17156175472
2,114639.67451277566
1855,308723.460799764
4,273792.6211554689
2292,159501.0522908054
134,141388.32165694874
646,98109.62432655523
42,319987.4490191215
532,223564.65632031433
713,110573.10503882226
2561,134766.84204639916
2360,137172.8336430893
1333,135741.62897235298
1407,211598.4901865355
2892,322094.6682164136
574,220900.69076710107
1227,176636.7208751779
2591,216187.51358823697
1476,216933.80031766283
1125,257573.07978520292
1446,142506.9043123573
408,125019.04591844649
1101,300543.4595894046
2251,204666.08118943384
373,179722.0857359585
2554,120085.73346741904
2382,262928.1682956064
1985,82716.58221579998
519,210111.9801993406
1093,190981.66422218733
864,262512.37298925687
2889,142427.1481871751
2308,174433.80725877197
986,153172.9227932285
1302,144661.26597867155
585,148327.79139488778
2708,151702.48876896923
147,125176.91553006934
1441,228788.7857650316
383,193337.33420547599
285,174535.21951414726
181,116190.80713056374
358,170051.40104003833
780,149351.93277639564
258,194915.14865836414
1865,196450.5657376998
692,125789.07571790693
2902,343808.66590392217
508,251728.13994811638
2638,137114.2656416902
36,152489.34287402986
611,159650.25600000477
2281,138691.65183363197
1678,123789.09599681369
1696,472408.8740466083
1557,77483.16509607024
2180,164128.91988537964
1726,218188.1218426626
951,140940.01104894478
267,235029.35616879992
2706,137072.20895520033
2221,222066.12026926005
1357,154865.915377938
2901,327292.89175035676
347,170925.14731896634
2164,185854.254902403
1586,323079.3595758701
360,150788.12695918404
1769,233954.26905392198
2617,161156.47160754882
1879,140671.96142716325
991,217574.2209674791
1535,112250.46265780674
1191,142310.07138064975
1579,198048.6232599681
1882,137717.63649816226
1510,140391.98013506617
2196,113604.30267023247
1845,177469.7760380501
2336,391080.922372222
942,93310.2896061939
861,132668.197914824
2555,121394.7841642854
1392,160211.72684363442
2099,268758.7215675095
1543,124080.02864367876
948,278242.9352350132
1239,164095.23289052956
22,182729.04189832514
2796,250506.02790632966
2747,182342.4776280831
92,289334.5308047831
210,175701.65660682996
1858,233994.40533119143
2228,165607.65482552184
447,208719.45533819302
827,244915.30278255668
1649,203891.21505054884
682,119673.36279829736
2698,109344.77458983408
494,153809.793393213
214,101340.05183763034
2441,252028.6606123021
2679,102755.8382476047
1336,121492.47735813062
465,166223.5770345376
1524,129628.14373578326
2543,108064.55421728361
631,139198.8269175059
2452,330347.5886639819
228,140385.09171801747
126,137291.41167898945
1092,215338.15048257646
1122,201388.64001730137
932,213998.926278715
1980,85153.24530592702
2171,112659.1832099903
551,149632.56671536082
2768,163449.12309007405
2056,112906.68533787882
1159,347225.9588633056
2645,121772.88217669839
1174,157641.00674456867
2266,207856.1381600779
2462,394675.03554550477
1219,141176.861316407
2922,161635.79858907528
118,136047.58463418973
474,170174.31290626977
2576,141262.3264681251
872,296943.3499921367
1077,219152.06856832159
1536,140333.1202236825
1150,127794.5372885688
2341,305209.50642233813
1931,151698.2790445117
2785,139344.12020334203
2538,125886.19557011861
597,207248.22011487768
464,191034.1222363651
233,267779.2544895384
2169,135225.40637261554
2123,158854.0946243658
1867,165664.85461584412
137,259426.47700485203
515,223233.2996601398
933,112310.88671809685
2784,152557.59213662313
972,174898.95733462967
599,160033.16335994072
2614,107973.80365315604
2582,152788.9248420782
1409,165771.36449001264
175,107289.99330529902
352,212585.42903722488
976,101510.87393418695
2134,195998.1348873563
984,110160.4511017439
2396,372959.51737759955
1673,133239.10177935343
404,128075.24433283137
607,168577.15690883948
814,170854.48189408454
868,190740.96742025792
2271,199536.69194043314
1633,236242.72200435857
337,237463.04306610127
2765,171187.0071580186
1746,245807.76537933733
368,316278.63562974625
2806,210296.19249706657
1662,186567.35399676434
1234,225609.83799557772
1373,139710.61384051974
1672,113966.88106533259
1939,124505.39806735056
