Id,SalePrice
2658,50199671.470646836
2718,63687602.054890245
2414,39702056.471943475
1989,33792415.151622
625,46468603.05350945
333,29349846.5282704
1327,35427216.86019656
858,39778462.32141898
95,46796595.604210764
1568,42700995.07391401
2482,41045759.05221074
1364,34016088.674521856
2584,45178764.362105936
818,73165225.14848132
2673,47277852.70725331
2089,42233977.254580446
1297,45553237.773131736
790,35175214.103953056
2616,56383297.72619723
720,46822332.28583805
222,33999336.668320276
557,33746734.483774655
1148,53120621.04559934
2766,35107870.71811848
534,42172349.50408092
1452,29307612.135117993
630,49996316.43442973
2648,46716230.021174796
125,36342169.66781111
1904,17193439.13597085
1670,32990420.763666503
756,37610056.78208697
717,72605985.24982633
1032,39376554.38568841
852,50422404.92520037
1731,38745028.24538866
2639,44503870.313437864
2071,34696759.8625378
1267,31635754.571686357
1851,46775395.092767954
567,35352245.273452036
2439,49950217.071482
1898,45896991.60275299
647,43021234.163591884
2256,49559650.87261441
979,33335938.463759996
1444,49804977.5615848
2485,31648711.75539339
157,30863275.978713054
88,33852795.67777482
2003,34584392.513574615
186,61551977.08701629
1425,56971763.69759666
2695,37105575.83349305
738,33691022.561924405
395,35031027.03149566
1353,48367285.93561372
1878,44753157.906820565
390,40615693.88937739
1456,54701079.3039967
1103,69083599.99050768
1387,37749192.92228554
2070,37709706.616203435
1199,45208726.79922455
2479,43853540.648065485
501,69290170.04317474
2362,25000000.5360845
1718,45206355.93343438
2188,22653832.856555805
1483,29691071.538164698
2557,28015526.030273803
437,69798043.575669
2224,52000981.408385254
1628,40563064.88647158
397,34480016.50895158
587,55571935.23881142
2182,129161529.55728552
971,55746950.67250404
2611,38186175.08610679
1887,29407875.252489112
2399,61203036.68584768
2148,48527573.35406378
304,35558115.50604127
1997,36309895.21825967
2817,40742065.5180132
1431,44749221.85340585
427,75416627.63786384
263,31194567.63689128
598,44148570.3853089
2895,55484022.15147253
687,45638557.54172081
1822,32175776.97778856
2191,37821743.96937347
179,34701588.33430093
1009,41267995.81161341
2010,33880338.33047923
1991,44389636.59461379
1411,47513471.90909593
1721,52449684.89511839
1144,47038125.51544511
593,45530534.16860019
575,56664812.44090202
1249,58406878.43746109
1604,29991114.645756792
1064,80723568.13616176
1923,40067056.960438676
1988,25328104.65515661
2325,40042487.15326648
114,56366748.59443145
2700,62331336.60626612
217,52998002.333066806
343,47771604.46373411
386,52647632.78871888
2005,44974063.9229392
2908,33139668.83884468
1814,49385762.6883029
2446,95358133.60473888
208,52376431.06967766
1679,35889054.15692278
822,59828770.81006835
6,44896441.50494106
1781,69796992.52506444
2397,57005774.4218658
2340,55797407.52689842
1618,40102402.9382341
2843,56269242.77095376
1061,69623626.6386986
2786,28559970.47639687
1935,32154119.791263867
1341,32643897.327521678
521,55953344.547087036
2136,34159558.01857991
996,45713942.746630356
227,39820546.981720224
135,36518681.09604694
1167,41770315.535391815
294,55766288.03403523
1776,46851677.27067285
540,39182829.80501916
1717,45206355.93343438
2303,26910187.00322304
116,48065270.4008543
127,34166296.51178621
1371,37666553.92071583
1014,48483702.137901224
1507,31140868.80372925
702,50901492.381518364
750,50393604.86027199
261,36537835.66943246
1559,23093168.54451643
577,56756890.32980262
2812,47468291.364684254
2080,44335609.15078913
1368,33729552.46820147
2376,29606701.276096813
659,25953048.711177707
1235,34959296.573595345
332,26008822.865860384
1917,30983705.061848674
2094,58527835.44386999
1460,63427807.438378826
1471,49264807.13681564
1509,33133874.48532324
1922,33751990.541281946
433,86308236.32960187
460,48655298.82297641
1116,54238722.350808926
1137,39159719.619282335
53,38450152.4108584
2354,59162712.90866034
1475,47459269.65766081
1761,117069362.35999006
842,34435174.02099094
2739,51299030.02863535
2509,33806508.09520293
1007,51334015.09118272
2610,48643737.96462516
1952,22766653.282935098
2719,63229916.11791341
2921,29349846.5282704
1966,39846273.200248145
292,40165157.76346364
1204,53814293.864226915
1829,62053744.6763622
2419,40564116.390091725
391,44877773.33880717
798,33996709.19685887
481,40762032.62492912
193,54065747.72389323
555,33202807.65888157
899,33882377.14866607
2357,45703984.16555299
328,30489840.335235804
1356,27675560.85862476
1154,28430148.136877142
1730,40316998.643785425
2249,32107256.795067612
1119,54980153.552072376
2856,40322057.27763467
1394,43973133.011653885
2587,41552735.88373457
61,74161681.14823343
2661,56738426.85277473
2711,31163259.05085728
1147,46280002.999032244
757,38746943.88875223
2623,35450669.75882036
2378,41326448.66254159
1413,33345785.543791346
1722,45490022.827111796
1112,52896732.983907
1623,46907234.37576999
1201,50876492.01016016
1513,36294007.73030642
957,64901519.021143526
1171,50904064.98579162
1145,46924805.4413899
2726,59094906.39245937
703,36013531.1952647
760,26014485.687156655
1964,33611339.44856561
2512,40349653.846408516
159,37466581.41695431
1281,49205268.538807936
468,40750857.82224257
290,29649808.610204156
665,31464126.36263622
1463,63440563.06702703
1792,53547300.01119982
923,40538787.71802453
500,67026981.21757375
1408,43959027.69001935
331,18456413.975016497
170,49100536.114211455
2192,26559991.006845932
2571,80840613.53334151
2314,39780789.138938345
2647,27143965.975900646
422,78758716.02714077
2457,74013666.47418493
1838,44749582.02535868
2805,54822996.410444506
1645,42909426.4329216
1711,64454893.86155517
2825,60785256.53888987
322,67231992.05260499
2103,58079332.63568847
342,31590063.857983425
600,30660867.041404366
488,49247583.965194404
1725,61436677.37649725
2246,52965780.715174764
2847,44898371.74674521
806,54774642.30110362
530,55431242.99906811
963,47732452.848872624
2678,32184660.246209133
171,29533397.829012275
2401,77953474.81622274
805,51592379.53591109
2259,71854132.90846461
1748,38122357.768614866
1361,40091280.96542736
1677,32760983.17649888
1406,37612671.9480618
2322,51597508.619978555
688,49496027.09428014
143,41565483.65668845
804,48454660.10068924
1214,45297245.52196541
2828,37514589.807572655
1999,61368181.74007736
2467,44553264.27292463
2665,49921519.620958395
1538,96297238.75120634
398,31901247.754905097
2822,38379986.911133915
2157,29691071.538164698
1856,48441617.74750556
1269,35706386.78893495
2570,36188838.42359404
2320,52148796.40151601
1517,40649116.8128126
2304,28367935.473034553
1312,30086302.772501092
2012,36924223.735436514
506,49947157.85853614
2865,59774139.120052665
2367,26560615.152091544
554,27114186.518964656
238,40206702.84108164
1954,28678553.231262837
2488,50635877.88140461
2291,29349846.5282704
1969,30728228.446524702
2725,48477749.649746135
1482,29691071.538164698
2763,44932195.46198026
503,57115832.316827685
1584,47316611.494130604
1531,45260672.66183881
2210,52172114.73637201
459,62241678.931684025
556,34184087.33595304
1347,54724774.2593047
1290,22656675.884970255
1388,29277427.216639996
1571,56169418.58012588
2754,45364285.78444405
765,36428452.45072007
2494,33392869.57022686
2870,60087809.02532231
7,45714996.90193259
1114,53302052.855956756
2418,62217328.2790804
291,58041952.22050201
18,63597959.91321583
39,63352403.30690337
1001,54988894.56501686
2442,57842097.74843205
616,36811389.24495691
2680,24230018.697783
1414,39921860.8710065
289,45617844.842099234
40,54977569.19902265
860,33067085.014314774
409,33071155.954931132
673,46836327.608006075
2427,38398961.96844571
2036,49804746.24227716
2564,45498769.54586041
642,59780996.451514244
1008,45414279.42940953
1908,49835451.42756587
2519,41593850.703699686
1369,28997518.326613586
2855,45318510.520896174
712,26523780.22270248
1943,39037104.0482397
1958,34288842.633433856
107,28780039.094582986
2295,56573140.47170297
704,35179004.15485958
676,37811066.219774604
259,45673724.62642111
93,64128162.54809497
106,51350088.47383698
2315,46619365.06280777
1050,29093728.80969863
1095,40443699.82590047
2709,37112703.040950626
758,44695299.82760042
1496,38231905.834630996
2370,32760983.17649888
2458,54023454.41258941
2733,45156977.88076937
161,81707108.91415852
726,43849663.727232836
845,49346486.89338978
947,56320520.92295274
2232,38572857.87624188
2563,42088728.99181734
2299,51815861.28577336
211,32412406.05141601
605,61848350.13163214
1478,41591011.38444459
2247,53468102.45462801
2274,57170804.68407918
2869,55055296.25265297
967,54190752.50256645
2656,36314580.451160066
667,70534979.6059932
1042,27588622.432833087
2023,50986221.30560314
2447,77843279.18364185
2055,29463590.03118031
2275,59849022.535146676
2204,38553044.36696419
1563,53427929.49089421
483,45516001.19524459
796,33646770.33720147
1526,43487007.57059286
2042,48630328.44788047
442,62416328.1153183
1693,66940083.15564224
1468,50833019.01423234
1430,52890727.06603633
2605,69308138.39594392
1529,38522990.60331502
335,38153839.77626356
1287,39191072.180367
31,29550233.76854463
1785,59254108.67387412
82,43911128.87128249
2620,44649565.754520364
252,44318144.30832779
721,23856145.4782619
2165,43744937.84364492
2316,41227442.06272939
775,31762246.12180192
1558,40590736.43739249
17,49683802.67119254
1022,58092697.27220872
925,35690120.76026879
438,60430800.53567997
1270,48541116.12251701
1272,33373968.607134447
215,46144096.52869977
266,50869059.11418467
2402,54940307.4861998
1250,37537973.37438035
1984,40761392.82810888
1279,45793063.91674942
377,70708729.16325103
1252,55134553.15156038
2156,57917337.78556333
499,69461255.47557786
1374,34769750.51923215
2898,68071004.01808217
401,31901247.754905097
2721,58062623.48219284
2078,76561023.08445634
2589,34219266.57798264
1946,84694970.59543225
1334,34059380.92306226
2781,54576175.34518264
431,69110944.79543208
576,41350687.85918012
1474,47045075.96805703
2254,31021349.599387378
2155,56639791.066618145
885,39134929.01860926
643,34379803.3512974
1944,32789382.345171474
480,43488884.65639295
2845,38019630.22178656
2387,65974219.30306912
2407,45292602.8687563
2527,42737272.15009641
2514,31511450.60250654
629,47114669.20397107
80,48263816.37318069
1876,38971311.10653411
1546,31065973.678393196
2518,41495782.88262493
2347,38906994.86925422
783,48024727.935083486
1322,32368867.553308483
194,24678605.810441636
1770,68478286.06261855
2143,31955449.12259426
1229,48884884.52060652
511,59238973.88903837
46,45121968.060714
1348,49015577.94536089
2465,43911630.39300284
387,50327138.86375832
873,47133356.907070085
1918,32917397.87170272
2764,51073408.79603381
2184,32518899.226130303
934,34138546.517082766
1920,34312721.785322785
2631,37218767.98395291
1768,114708155.64194362
2040,39855975.96174296
1749,50169217.656088814
834,48426426.4546783
1457,60099130.16179177
79,25096236.549371786
2302,26899826.531732555
1817,31698615.61980307
2755,56931590.0310556
359,40292808.02217662
2059,29235142.401529055
2092,62022873.001398146
2516,52116160.481419265
150,34710053.02239036
1656,43527826.75135838
83,34526207.8703782
2411,42875226.46283974
795,28262230.807835042
2312,59199303.118022755
2917,18510615.34270566
1624,40952993.405382976
2215,83881723.91771412
1211,37523286.978530765
1485,29691071.538164698
1024,40604603.040777355
570,44037569.97803666
2874,38791502.07638569
700,63308143.16540867
2756,51377564.57700453
2022,58039280.3621998
583,55854272.94458069
2392,63949502.131395385
2424,45739954.43741881
212,38488222.47559294
736,36772728.09845185
1610,54871362.376486436
890,39764474.682681486
467,39852609.57708116
578,68184392.46979238
1747,37796627.05252728
1149,41065709.623425096
2758,59258409.803537495
857,29120701.720437713
2219,71877744.09409356
733,29975666.174589645
2909,34690765.853166595
1798,59620032.52096542
235,46368363.69508286
2366,38469527.630625725
1027,37455160.39425682
1195,33682122.385399684
1303,15459137.580605324
148,51051462.11972666
608,43573194.866168976
2515,45494203.24727732
821,57384766.67282324
2500,63647214.89834905
745,32056816.443816956
741,46431072.358260795
1611,49470173.86078739
2532,33015897.24420129
1081,49792593.187545255
1692,81537325.32703792
2520,35889065.33204805
276,48710715.420665525
1992,39057834.95515033
663,17574388.12822541
418,28467188.511960085
1733,43712256.00588751
2359,37485877.65327945
253,42742925.1667511
1518,54360529.18413958
2035,40047368.27582523
2919,26008822.865860384
1540,58703816.45771543
2120,38474093.78106405
1674,44810616.183593445
256,35776741.26595479
2361,28443405.083319902
978,21797437.637426514
2280,32688043.628101084
2095,55793019.589059204
1709,67646966.5513297
2801,57164713.662255265
1246,28585738.45405027
2373,26840980.774111968
1055,56512484.50988769
2017,37715636.50133294
1099,59046929.58435502
1344,25737614.8227175
835,57689948.56468942
1117,47971058.64851894
2043,24561213.45350932
2085,33281301.273960553
410,42239919.88344337
2650,33656949.720384896
2867,49252675.365848504
1668,30938618.09712703
1161,37119746.51121272
2122,40989317.89688918
2539,39793373.47022591
1047,36261893.32604513
1445,30931127.213647038
541,32407834.505055405
569,56576664.71922919
1276,30482430.258218143
918,31942910.675915565
326,47017510.73949826
1936,29908435.919369016
895,29255625.70068158
257,34916124.58311893
1241,50722483.91752555
1545,29085921.717137508
1189,42727962.87168268
270,29691071.538164698
2066,73026499.0591679
693,35197863.219941214
1259,57234375.7827078
2916,43463012.35374566
2321,67685037.26153505
1977,31860917.030544534
1895,43300497.1518054
1240,41688872.83870759
85,40320011.408618435
1823,38897136.96137361
825,59420497.98108093
110,50282222.11419016
697,38424807.11284904
2297,23251257.52656345
1231,38571236.712629184
1355,41045813.5661335
968,62274491.87891565
584,60983856.77099837
1315,37866260.185859084
1606,33348235.83820224
206,29854026.034437463
1685,61241819.26838639
2016,39738810.27617927
869,51591282.26433105
2135,31218255.553766638
2346,44038364.906276144
2430,51167232.24654316
2198,25382999.516859174
2652,34683914.5859297
27,31822887.679103162
241,40621666.52158158
906,35163492.29411855
1506,25758753.916846108
2098,79783892.45537177
1435,47711151.63191516
2213,40648251.05798988
1274,39825849.884892166
743,23448136.4042268
1737,43576543.908980995
2797,59873301.70300893
2185,33785221.60377554
58,39454201.245339185
830,43228971.29956638
808,49749509.43125625
680,49828307.87546847
1153,29540988.41951266
1291,38226067.59325075
1818,66421317.57351215
2161,41580111.815140545
1883,36358761.0611987
350,79653383.8966556
2473,32919616.180061944
295,57358268.85764151
293,67126172.39169802
859,29144065.522272747
288,27485742.824181672
1578,38549631.87618414
102,41094970.260060504
2831,46234916.82339325
1030,47416553.73048813
2551,39574833.25571296
1286,46645721.61209366
958,57725238.09844972
776,31255254.646223545
72,48785213.97623067
2263,54048136.971552275
1866,37138880.9721051
2876,21924184.16105384
2146,61094199.08460536
103,39249511.85800865
1500,37514589.807572655
492,46223315.59886818
167,39789436.771693856
2597,28128321.46886452
2685,33773841.566259325
1035,36064350.61856927
1220,24569592.97594308
2602,43838954.447164014
2159,49602736.29301959
695,49870062.09218683
1109,58239626.95668914
640,50442210.81734895
1652,36646869.91611264
2090,51280220.476348
1188,56380780.85590865
2345,63666018.93749456
1059,80022083.97421606
2751,58316311.36741976
128,70464469.8950805
1523,51128210.94637373
2925,42272695.36047111
2145,68319101.28248997
1121,46765405.55040638
566,77977085.0832292
565,48833164.93650128
1331,46942116.83360277
2928,28272121.428024992
156,37301189.203963414
797,47146866.09144708
327,29349846.5282704
2859,42305726.31885898
1453,26893000.070491184
1762,76505815.55559126
1868,52878192.990726836
1760,45878503.1748362
1113,55325927.01030431
1812,49066575.54378286
117,45404277.10393222
1142,55478736.79785546
2342,66458664.62267809
927,36880379.0369771
2478,51852734.64514206
655,27355270.89252374
2064,30270705.7147899
369,49445711.538799144
2239,33071035.17530271
2732,47397185.18849685
1653,40032376.065244876
959,47813347.77706025
2395,68903509.2395837
1412,25205943.4836423
271,54270056.008788146
1484,29691071.538164698
1497,38170678.504110456
552,52305207.86866048
2,34647849.53059217
1855,74825579.74340507
4,67187592.46981966
2292,37228089.48106774
134,39659101.05161218
646,37060263.47477704
42,57841271.90575785
532,51942235.191876635
713,34576956.09369465
2561,38637765.4471876
2360,35357399.94593503
1333,34055226.33128506
1407,61496116.7284008
2892,66772441.06274895
574,48137964.47880275
1227,52769471.65624327
2591,68624836.4787104
1476,47364107.83501032
1125,55462832.2665715
1446,32515798.172919534
408,33833039.59543969
1101,62376433.81468129
2251,47976093.00263951
373,47328743.13018785
2554,33564865.04250161
2382,57244910.25744219
1985,32152262.665151507
519,44679277.34664174
1093,48490312.36774267
864,58206890.096542574
2889,35150668.913791366
2308,63324180.03069699
986,39201423.24107449
1302,47369757.63080216
585,39380980.353362426
2708,34169747.17577907
147,38671256.64725502
1441,49568707.417077504
383,51659322.129639596
285,48579684.53182182
181,37907275.84361526
358,39282439.78002159
780,64228147.845126525
258,46673350.23322542
1865,65921455.72588582
692,33768683.32833806
2902,69093753.04692492
508,60561784.91615012
2638,46486621.87101105
36,41092810.644191235
611,49559676.74652329
2281,37793600.43218261
1678,32792074.35845122
1696,84749571.881469
1557,28893381.056049723
2180,39497894.657147534
1726,44938740.72846756
951,31109185.458497006
267,56958026.86544064
2706,45533959.91565242
2221,58240288.274077356
1357,53848937.34796284
2901,65223665.65297221
347,44943169.949851625
2164,41397782.56804196
1586,66058611.36160567
360,39641785.360606864
1769,54321171.7320264
2617,48843957.162127465
1879,54143621.942708045
991,67963094.12870453
1535,37871487.241120525
1191,52724858.54648034
1579,46004420.86345051
1882,31437011.25590571
1510,44059206.01732847
2196,61296163.610711835
1845,41094970.260060504
2336,73844358.53291914
942,30590761.028949004
861,27072419.601691462
2555,34490049.159413025
1392,44260189.52203059
2099,58079332.63568847
1543,30051872.710353035
948,63462819.75699439
1239,47439231.88975391
22,40357732.94161819
2796,58490271.83203863
2747,42427900.99735339
92,65387904.741867945
210,52865951.77271828
1858,44429097.3482673
2228,35710928.73766942
447,51130407.175448485
827,54249346.52574703
1649,52781413.206419185
682,42386565.08562876
2698,32266164.487093773
494,39560659.78302388
214,44705997.95005904
2441,61416722.32010766
2679,34874618.09991043
1336,31961243.79798187
465,39217454.1257145
1524,35787648.09094449
2543,32485089.184682764
631,36577051.711014375
2452,69080357.82782671
228,37886961.25397002
126,50031592.819741875
1092,45124611.85131778
1122,46060449.41759724
932,62097118.28042176
1980,33745848.53362864
2171,32978610.66807035
551,38724736.489039436
2768,46389585.9705191
2056,30543794.416130982
1159,77942856.5192469
2645,54101139.89481369
1174,38651531.14306797
2266,48920476.74706135
2462,79318738.56826603
1219,35596477.40267654
2922,56760114.13213377
118,41498014.93533859
474,37982876.3741577
2576,43548661.379390836
872,59123345.105898775
1077,45456157.59945902
1536,35762468.76435141
1150,33130878.771088284
2341,61802723.42953426
1931,37583791.011084035
2785,31786269.60312457
2538,33654991.23634328
597,56084888.69073157
464,43682228.920616515
233,49074671.76209313
2169,31761460.919934876
2123,36884764.153482206
1867,43786356.87590167
137,70671909.63053626
515,51567819.72497341
933,29924693.229687378
2784,45179346.16206172
972,39825787.10428107
599,44287700.16542539
2614,28598626.253109865
2582,34485969.1901709
1409,47787761.26198232
175,42855851.60876477
352,48727307.80170546
976,21812983.22840268
2134,45549305.21518436
984,24304476.17877763
2396,64671496.73274512
1673,26765660.31315617
404,38453982.03964956
607,45243764.55587842
814,43608404.78606703
868,47174995.02541333
2271,49933133.90430797
1633,57825393.83815409
337,64730696.64959708
2765,50376828.54552867
1746,51771731.25081217
368,69020926.66363491
2806,46754416.231778495
1662,51734403.56357961
1234,53894298.486144125
1373,39017395.28583642
1672,31340516.510864254
1939,31505653.60266121
