Id,SalePrice
2658,174058.4204843191
2718,132033.58398470364
2414,236081.85201589554
1989,129341.01200563039
625,174902.50171768887
333,70458.12852670337
1327,86080.70465046813
858,131147.0629127846
95,204042.13167997042
1568,176376.10722287343
2482,169420.68923840224
1364,169479.63345860963
2584,179170.06326070335
818,214560.13833377586
2673,180176.83054184547
2089,130614.20716210987
1297,177967.6011684728
790,131819.02702314878
2616,177967.6011684728
720,280669.583210128
222,128694.98335215749
557,129291.4988606562
1148,171394.14173094544
2766,203084.9122832428
534,218400.94372248894
1452,126181.60180251466
630,95504.70657722454
2648,130472.74103361214
125,173252.0635518821
1904,31003.260028129764
1670,83307.96853191286
756,80714.42284278799
717,223340.46937586763
1032,132830.50984190748
852,222081.42083223793
1731,226886.55366354377
2639,79016.82930081539
2071,87221.86475368307
1267,130218.10200231624
1851,213015.79976434243
567,161819.24260045815
2439,222194.5937350361
1898,126672.0177146401
647,143579.57783892582
2256,205312.9690676416
979,69616.40506214194
1444,222279.47341213474
2485,127643.41846365776
157,123088.2091260312
88,126936.08782116917
2003,131507.8015404538
186,260225.36987339932
1425,261038.8001122612
2695,126228.75717868056
738,123399.43460872618
395,171200.8046886652
1353,217257.42585046572
1878,131658.6987441847
390,221807.91965047567
1456,220077.3173451869
1103,266532.4014355893
1387,139668.03938596387
2070,141719.2982491808
1199,227242.57675359637
2479,169368.81832461973
501,264351.46528791613
2362,85158.81704642467
1718,161706.06969765993
2188,32818.74201051716
1483,162939.18278439844
2557,79735.94878734543
437,293948.5371384473
2224,212591.43611828948
1628,221180.75314746914
397,129317.43431754745
587,194639.38441192894
2182,420039.5857583921
971,160534.29333937744
2611,174926.0794057718
1887,128914.25585132896
2399,317217.3227680735
2148,216382.69362258812
304,174053.70494670252
1997,117740.78946881744
2817,86696.08230943323
1431,182678.42324744683
427,268958.54553932516
263,126888.93244500327
598,191406.8833757561
2895,278307.0988642161
687,171516.74570897676
1822,127544.39217370935
2191,93745.81104623622
179,168772.30281612102
1009,250018.58870228892
2010,123694.15570976312
1991,175758.37179510004
1411,131819.02702314878
1721,249827.609428817
1144,172426.84446897876
593,258810.70858842216
575,273650.50546783285
1249,186101.9035570916
1604,125641.67274541504
1064,355498.0224001161
1923,180768.6305127276
1988,118400.96473514012
2325,170623.15133063286
114,196916.98908074223
2700,178759.81148806
217,91402.18885079067
343,176552.93988349556
386,256688.71666095633
2005,93823.61741690995
2908,149846.52733137476
1814,233940.99793796334
2446,409821.01574324013
208,127242.59776624758
1679,114006.08367647766
822,307757.9543091927
6,176029.51520805398
1781,354486.5395813574
2397,265094.16246252914
2340,301465.06935985247
1618,185203.59364113107
2843,80629.54316568936
1061,310905.575668267
2786,131793.09156625753
1935,130291.1928353734
1341,122267.70558074446
521,311978.3604760413
2136,129671.09963879175
996,173822.64360348962
227,135723.4921696858
135,179335.10707728402
1167,157879.41092179663
294,220397.97390311508
1776,219120.06320901902
540,226575.3281808488
1717,161701.35416004335
2303,136661.88415538735
116,174572.41408452753
127,132163.2612691599
1371,176835.87214049103
1014,226113.24023386312
1507,128232.8606657316
702,127162.43362676553
750,171587.47877322562
261,178203.37804930226
1559,87221.86475368307
577,232104.2960363013
2812,223210.79209141136
2080,177288.5637516837
1368,165674.19460202096
2376,127733.01367837298
659,130524.61194739465
1235,126676.7332522567
332,70481.70621478633
1917,173157.7527995503
2094,226700.28992768843
1460,260791.2343873902
1471,183449.41364775936
1509,136996.6873261653
1922,131062.18323568598
433,357792.1314505874
460,297515.80660595786
1116,263068.8390562035
1137,184793.3418684877
53,203306.5078117823
2354,218181.67122331745
1475,218742.82019969175
1761,362342.62525059737
842,128284.7315795141
2739,136789.2036710353
2509,201752.73816711572
1007,221293.9260502673
2610,175576.82359686133
1952,121984.77332374902
2719,128669.04789526624
2921,70467.55960193655
1966,127886.26865091218
292,132450.90906377192
1204,219096.48552093602
1829,237114.55475392885
2419,217146.6107164758
391,176411.47375499783
798,173865.08344203891
481,216891.97168517992
193,214128.66664185782
555,132241.06763983364
899,46814.45765655817
2357,219662.3500349269
328,114897.32028601327
1356,176710.91039365134
1154,124248.23137971252
1730,176640.17732940248
2249,170281.27485343005
1119,261234.4949233497
2856,133217.1839264679
1394,141848.97553363704
2587,127407.64158282825
61,280108.43423375377
2661,210608.51781107287
2711,176944.32950567262
1147,174409.7280367551
757,166119.81290678878
2623,82977.8808987515
2378,157641.27627215884
1413,174572.41408452753
1722,254194.19726177992
1112,186922.40710237838
1623,172867.74723613
1201,174006.54957053665
1513,78125.59269127974
957,703252.521460338
1171,291944.398911956
1145,215288.6888955391
2726,243746.9584116636
703,203719.11735323397
760,78168.03252982907
1964,126936.08782116917
2512,204560.84081779543
159,168958.56655197637
1281,169140.11475021509
468,180587.0823144889
290,171106.4939363334
665,134716.72488854371
1463,265530.3496920638
1792,218400.94372248894
923,143864.86786472955
500,219822.678313891
1408,155347.20196112775
331,69517.37877219354
170,77319.23575884275
2192,85269.63218041457
2571,298937.57593680016
2314,183227.7833797796
2647,122534.13345608182
422,315871.03677853686
2457,288273.3876168804
1838,205727.93637790158
2805,275812.57946503966
1645,178344.8441778
1711,267296.318529477
2825,221831.4973385586
322,313411.88391148485
2103,263137.21435164404
342,183173.55469718884
600,83534.31433750919
488,171655.85406866617
1725,300694.07895953994
2246,252133.5073233298
2847,172308.95602856402
806,262177.60244666785
530,217858.656896581
963,179516.6552755228
2678,37180.614305863506
171,86750.31099202402
2401,330427.9014009522
805,220652.61293441098
2259,199560.04791484127
1748,221888.0837899577
1361,176708.55262484308
1677,156959.88108656148
1406,177147.097623186
2322,250589.20349333662
688,170352.00791767891
143,129058.07974863495
804,217721.9063056999
1214,173770.7726897071
2828,161168.49840936862
1999,169479.63345860963
2467,214911.44588621188
2665,212730.5097385387
1538,272249.99079570547
398,82595.92235180768
2822,147290.70594318263
2157,162960.40270367305
1856,147347.29239458175
1269,126228.75717868056
2570,130472.74103361214
2320,263674.7856399354
1517,181162.3779037129
2304,134509.24123341372
1312,130809.90197319837
2012,166650.31088865525
506,266390.9700465318
2865,191548.34950425377
2367,157108.4205214841
554,173723.61731354118
238,131819.02702314878
1954,129765.41039112356
2488,173551.50019053562
2291,70458.12852670337
1969,125757.20341702152
2725,142674.19461654042
1482,162939.18278439844
2763,217719.54853689158
503,217174.90394217538
1584,265417.1767892656
1531,175256.16703893314
2210,169328.7362548787
459,299680.2383719729
556,125908.1006207524
1347,123682.36686572165
1290,120570.11203877183
1388,130472.74103361214
1571,497483.0337328613
2754,211697.80700050533
765,134120.209380045
2494,140026.42024482478
2870,146034.01516836125
7,250605.67313555442
1114,227002.08433515026
2418,266428.6596080243
291,82977.8808987515
18,309120.7446803874
39,306208.90020214266
1001,253774.51441390335
2442,216356.75816569687
616,125792.56994914595
2680,80714.42284278799
1414,129069.86859267644
289,121041.66580043087
40,269380.58615601005
860,126228.75717868056
409,164122.78272616264
673,129793.7036168231
2427,202851.45843178133
2036,218813.55326394062
2564,131562.0302230446
642,131609.1855992105
1008,185670.43186517357
1908,136001.70888906467
2519,247870.6613179319
1369,133584.99586056196
2855,213645.32403615728
712,129341.01200563039
1943,99458.68486873579
1958,180004.7134188399
107,249426.7887314068
2295,189376.87917125406
704,133146.45086221903
676,137885.56616689262
259,173134.17511146737
93,265256.84851030156
106,256403.4266351526
2315,175569.75029043644
1050,131597.39675516903
1095,232026.4896656276
2709,135959.26905051534
758,209552.23738495662
1496,169479.63345860963
2370,156464.74963681947
2458,263012.2526048044
2733,88106.02805679382
161,222338.41763234208
726,175421.2108555138
845,217014.5756632113
947,262877.85978273157
2232,129293.85662946448
2563,174878.92402960587
2299,131305.06816238063
211,134320.6197287501
605,136308.21883414307
1478,265056.4381615964
2247,250204.8524381442
2274,192088.3133007937
2869,139866.0919658607
967,217344.66329637263
2656,36473.283663374896
667,175305.68018390733
1042,156959.88108656148
2023,184368.94348299457
2447,304025.6062856612
2055,172308.95602856402
2275,275093.4599785096
2204,213772.64355180523
1563,248063.99836021208
483,207691.95779521158
796,119237.97266208497
1526,189228.30499689118
2042,219615.19465876103
442,314119.21455397346
1693,270693.8633822305
1468,216385.05139139644
1430,179618.03933427949
2605,134716.72488854371
1529,256945.71346106054
335,170889.61394541047
1287,130906.57049433849
31,113213.87335689043
1785,217955.32541772112
82,172308.95602856402
2620,94634.68988696355
252,220280.08546270028
721,73782.58254639976
2165,172153.3432872165
2316,178927.21307344898
775,126351.36115671194
1558,65190.907748411875
17,267614.61731859687
1022,229824.33359867975
925,127362.84397547063
438,265285.14173600107
1270,127902.77303257026
1272,128114.97222531683
215,123512.60751152437
266,218266.5509004161
2402,264768.79036698444
1250,126582.42249992487
1984,79971.72566817497
1279,126228.75717868056
377,224962.61431597482
1252,130090.78248666832
2156,262583.13868169463
499,267777.3033663692
1374,159440.2886123284
2898,222090.85190747108
401,90758.51796612606
2721,140198.53736783034
2078,182378.98660879332
2589,141318.4775517706
1946,159428.49976828694
1334,166343.80094357685
2781,228065.43806769146
431,354319.1379959684
576,247922.53223171434
1474,215677.72074890783
2254,216385.05139139644
2155,308776.51043437625
885,86696.08230943323
643,171667.6429127077
1944,131887.40231858933
480,219626.9835028025
2845,92852.2166678923
2387,272521.1342086594
2407,211768.5400647542
2527,180089.59309593856
2514,206239.5722093017
629,184475.04307936784
80,218042.56286362803
1876,133667.5177688523
1546,166650.31088865525
2518,179028.59713220567
2347,177175.39084888552
783,168421.0300031253
1322,6237.29120523599
194,77790.7895205018
1770,223545.59526218928
2143,126228.75717868056
1229,228056.00699245825
511,262889.64862677304
46,210775.91939646186
1348,210184.11942557973
2465,214911.44588621188
387,258975.75240500283
873,216385.05139139644
1918,125427.11578386018
2764,262679.80720283475
2184,124342.54213204433
934,156012.05802562676
1920,128529.93953557679
2631,170399.1632938448
1768,376281.75444523926
2040,77319.23575884275
1749,223566.81518146396
834,235124.5978797276
1457,220275.3699250837
79,169420.68923840224
2302,128855.31163112156
1817,130897.13941910531
2755,222185.16265980294
359,173259.136858307
2059,129682.88848283322
2092,227523.15124178352
2516,255934.23064230185
150,135070.39020978802
1656,134700.22050688564
83,132358.9560802484
2411,176640.17732940248
795,93116.28677442137
2312,226419.71543950128
2917,112867.28134207102
1624,214322.003684138
2215,267694.7814580789
1211,174195.17107520025
1485,162967.47601009795
1024,183315.02082568652
570,162446.40910346468
2874,169008.07969695056
700,124814.0958937034
2756,216950.91590538732
2022,170788.19514721353
583,220232.9300865344
2392,310370.3621487839
2424,202997.64009789564
212,132594.73296107794
736,123399.43460872618
1610,135365.11131082493
890,91187.63188923581
467,182185.64956651308
578,261640.03115837654
1747,233995.22662055417
1149,171111.20947394997
2758,184043.5713874498
857,125757.20341702152
2219,263927.066902423
733,173379.38306753006
2909,115536.2756330613
1798,260225.36987339932
235,66605.56903338904
2366,114345.60238487218
1027,132224.56325817556
1195,128409.69332635374
1303,-3262.159323385844
148,176156.83472370193
608,134009.39424605513
2515,215357.0641909797
821,263115.99443236936
2500,276868.85989115597
745,123682.36686572165
741,123682.36686572165
1611,242702.53630846925
2532,132241.06763983364
1081,205044.18342349597
1692,314418.651192627
2520,247587.72906093643
276,132417.90030045577
1992,131887.40231858933
663,-7767.855516038195
418,200715.31989146577
1733,175442.4307747885
2359,176081.3861218365
253,213107.75274786592
1518,129058.07974863495
2035,173723.61731354118
2919,69599.90068048387
1540,224972.04539120797
2120,142773.22090648883
1674,162201.201147402
256,173289.78785281483
2361,88054.15714301134
978,69484.37000887739
2280,168324.3267425449
2095,222366.71085804165
1709,267532.09541030653
2801,218742.82019969175
1246,136499.19810761497
2373,156464.74963681947
1055,268958.54553932516
2017,123682.36686572165
1099,261781.49728687422
1344,123682.36686572165
835,176916.0710194133
1117,224693.82867182913
2043,119598.71128975414
2085,118375.02927824887
410,157945.42844842892
2650,162877.88079538272
2867,186007.5928047598
1668,132259.9297903
1161,205225.73162173468
2122,179026.23936339736
2539,131887.40231858933
1047,162036.15733082133
1445,130944.29479527121
541,140073.57562099068
569,161533.95257465442
1276,169543.2932164336
918,212624.41014216538
326,137251.3263574612
1936,129388.16738179629
895,81115.2435401982
257,135435.8443750738
1241,183626.24630838155
1545,169008.07969695056
1189,178533.46568246366
270,162939.18278439844
2066,148813.82459334141
693,133867.9281175574
1259,134801.60456564237
2916,140809.19948917883
2321,228176.2532016813
1977,119815.62602011731
1895,179339.82261490065
1240,174006.54957053665
85,137032.05385828973
1823,82435.59407284358
825,265935.8859270906
110,214616.72478517494
697,146175.48129685895
2297,125104.1014571237
1231,127820.25112427992
1355,130812.25974200666
968,316682.1092485905
584,225773.68678602838
1315,123399.43460872618
1606,124814.0958937034
206,129227.83910283222
1685,311655.3461493049
2016,123965.29912271706
869,222279.47341213474
2135,137074.49369683902
2346,196829.75163483532
2430,205291.74914836697
2198,134231.02451403489
2652,123399.43460872618
27,85807.20346870588
241,177071.6490213205
906,124106.76525121479
1506,137970.44584399124
2098,262500.6167734043
1435,216257.7318757485
2213,140158.4552980893
1274,171516.74570897676
743,-6070.261974065565
1737,216736.35894383246
2797,263917.6358271898
2185,82228.11041771359
58,214027.28258310113
830,212999.29538268433
808,125799.64325557082
680,126228.75717868056
1153,129175.96818904972
1291,166650.31088865525
1818,129058.07974863495
2161,214958.60126237775
1883,130218.10200231624
350,256207.7318240641
2473,183324.45190091972
295,146034.01516836125
293,175227.87381323357
859,145852.4669701225
288,42113.0666528173
1578,132205.7011077092
102,159529.8490876034
2831,158449.99097340414
1030,177024.49364515464
2551,134716.72488854371
1286,133867.9281175574
958,312666.8289680636
776,129859.72114345536
72,177118.80439748644
2263,264919.6875707153
1866,173070.5153536434
2876,82577.06020134129
2146,261109.53317651007
103,201818.75569374795
1500,161168.49840936862
492,210698.14776522835
167,127254.38661028905
2597,121984.77332374902
2685,124295.38675587843
1035,175491.94391976268
1220,38376.003091669205
2602,169479.63345860963
2159,215088.27854683402
695,176805.22114598315
1109,221557.99615679635
640,197999.2049637498
1652,177012.70480111317
2090,208901.52793330734
1188,178557.0433705466
2345,235032.64489620412
1059,313892.86874837714
2751,221697.10451648576
128,132179.76565081795
1523,170903.72581882
2925,156408.19792486064
2145,263493.23744169663
1121,259376.57310241304
566,202544.94848670292
565,223927.55380913313
1331,125780.78110510446
2928,133870.2858863657
156,133302.06360356652
797,136152.60609279556
327,70656.18110660018
2859,203855.90268355532
1453,126228.75717868056
1762,267749.0101406697
1868,222534.11244343064
1760,175253.80927012482
1113,267197.2922395286
1812,179884.46720961685
117,175138.2785985184
1142,171660.5696062828
2342,325311.54308695137
927,130708.51791444168
2478,172082.61022296763
655,35648.064580471546
2064,128513.43515391875
369,233851.40272324812
2239,171985.94170182757
2732,208182.373707337
1653,180443.25841718283
959,226780.4540671705
2395,266456.95283372386
1412,131297.96011651552
271,264080.3218749622
1484,162967.47601009795
1497,82562.91358849153
552,171955.29070731968
2,136654.81084896246
1855,224047.80001835618
4,222067.27421938814
2292,179224.29194329417
134,127643.41846365776
646,90602.90522477857
42,309417.8235502326
532,216352.0426280803
713,76508.16328878916
2561,131887.40231858933
2360,146670.612746601
1333,121041.66580043087
1407,260017.9556971498
2892,257476.2461823672
574,245241.7490966826
1227,175138.2785985184
2591,245972.69216669438
1476,215677.72074890783
1125,261109.53317651007
1446,129022.71321651054
408,113213.87335689043
1101,272627.2338050327
2251,132830.50984190748
373,223812.0231375267
2554,132179.76565081795
2382,277114.0678472187
1985,79971.72566817497
519,259376.57310241304
1093,176696.76378080156
864,268086.17108025594
2889,177331.00359023304
2308,136991.9717885487
986,142532.7284880427
1302,130472.74103361214
585,183003.79534299154
2708,172341.9647918801
147,134539.89222792158
1441,225941.08837141737
383,133547.27155962924
285,129440.0382955788
181,128678.47897049942
358,175527.31045188708
780,145996.29086742853
258,217769.06168186577
1865,171365.84850524587
692,161816.88483164983
2902,265985.3990720648
508,265398.31463879923
2638,131887.40231858933
36,157879.41092179663
611,181020.91177521518
2281,125620.48756558061
1678,157355.9862463551
1696,315008.0933947008
1557,78144.4548417461
2180,125811.43209961231
1726,253717.92796250427
951,175491.94391976268
267,217858.656896581
2706,92491.47804022313
2221,186554.59516828432
1357,171587.47877322562
2901,271113.5462301071
347,215559.8323084931
2164,216429.84899875405
1586,267873.97188750934
360,169597.52189902437
1769,219143.64089710196
2617,223222.58093545283
1879,134301.75757828375
991,182977.85988610028
1535,131085.76092376892
1191,132241.06763983364
1579,224090.23985690554
1882,182617.1212584311
1510,85269.63218041457
2196,134928.9240812903
1845,157495.09460604453
2336,319796.7218443486
942,124347.2576696609
861,126228.75717868056
2555,77111.75210371276
1392,140573.4226083493
2099,260645.0527212759
1543,156933.94562967023
948,225985.88597877498
1239,132453.2668325802
22,220805.86790695018
2796,214911.44588621188
2747,178910.70869179087
92,269993.60604616685
210,145239.44707996573
1858,248059.2828225955
2228,248217.25333275128
447,218250.04651875806
827,216535.94859512732
1649,222489.31483607303
682,127077.55394966688
2698,169479.63345860963
494,214258.34392631403
214,81207.19652372174
2441,224293.00797441893
2679,123682.36686572165
1336,123399.43460872618
465,221520.27185586363
1524,173650.52648048406
2543,130708.51791444168
631,129906.87651962126
2452,263139.57212045236
228,179891.54051604174
126,140516.83615695022
1092,212968.6443881765
1122,216125.69682248397
932,193764.6521840514
1980,91465.84860861464
2171,91751.13863441837
551,176727.41477530944
2768,180796.9237384271
2056,125978.83368500127
1159,308250.7279901264
2645,84262.86489927245
1174,200847.3549447303
2266,228192.7575833394
2462,313289.27993345354
1219,135971.05789455684
2922,182305.89577573613
118,131887.40231858933
474,203256.9946668081
2576,179853.81621510902
872,269142.4515063722
1077,253717.92796250427
1536,170896.6525123951
1150,130708.51791444168
2341,265652.9536700951
1931,136499.19810761497
2785,132641.88833724384
2538,132262.28755910828
597,218389.15487844747
464,201101.9939760262
233,251386.1293505404
2169,132417.90030045577
2123,176130.89926681074
1867,180089.59309593856
137,242674.17360388924
515,216125.69682248397
933,156589.7113836591
2784,176989.12711303018
972,163113.65767621226
599,175586.25467209448
2614,169790.8589413046
2582,125832.65201888696
1409,203855.90268355532
175,36402.55059912603
352,256405.78440396092
976,69599.90068048387
2134,222437.44392229052
984,129954.03189578716
2396,311440.78918774996
1673,205322.4001428748
404,114836.01829699762
607,131297.96011651552
814,125851.51416935332
868,216382.69362258812
2271,170840.06606099603
1633,207689.60002640332
337,127407.64158282825
2765,195311.3832617334
1746,230111.9813932918
368,266930.8643641912
2806,216526.51751989417
1662,171365.84850524587
1234,187092.16645657562
1373,128704.41442739067
1672,87221.86475368307
1939,129058.07974863495
