Id,SalePrice
2658,25723138.57778682
2718,198260869.3271535
2414,98967979.57193403
1989,65849857.260928586
625,137030626.40253142
333,44937672.82304378
1327,70274761.2121732
858,122355979.25976722
95,124698594.76343799
1568,111189438.80815358
2482,127190079.38279358
1364,82250127.01961942
2584,120322908.9529246
818,293570873.4176878
2673,83440887.62485659
2089,53422007.75383393
1297,94484802.44177775
790,69882360.5293414
2616,162690124.12688908
720,106022275.95172141
222,88408038.83485469
557,69507554.78419292
1148,177416836.96205053
2766,81060693.84233789
534,132259778.99738492
1452,52472317.171323195
630,101628657.40895493
2648,136780087.48923865
125,106965428.29133119
1904,4081670.9141116603
1670,55511293.47398198
756,81957278.96480994
717,261775907.76298574
1032,131599545.84480298
852,168020248.98465517
1731,108776098.79178077
2639,59417523.83441391
2071,59703742.06963117
1267,77644488.38905092
1851,151043186.08003822
567,87293455.61616637
2439,141422052.6282453
1898,140511677.3553956
647,79830243.68889381
2256,166863721.7810172
979,43252802.03513678
1444,136831363.07912353
2485,60420800.21369704
157,57898301.61046992
88,66757173.50205651
2003,62944094.525794156
186,128432810.9129878
1425,217923336.21069533
2695,88000390.28487426
738,56637327.15764206
395,103370923.87496541
1353,87974912.80136798
1878,95628742.41737421
390,104848077.01653834
1456,177376826.65592653
1103,277230382.7398823
1387,91975150.82287769
2070,78794145.83493364
1199,107688543.7860029
2479,120647610.12449501
501,282971530.9353097
2362,35647773.12002588
1718,140622817.5441988
2188,45112158.05219849
1483,80788332.46408798
2557,47352314.379734345
437,327506167.38751954
2224,142186201.69605604
1628,107713206.87474619
397,78481919.0305925
587,175019299.14882553
2182,627513188.5064995
971,104533713.77658625
2611,82937556.19866174
1887,27237518.361053795
2399,280319560.9113296
2148,162369219.17916927
304,51979076.57236871
1997,81736281.32623622
2817,103178449.46298943
1431,132391742.42654045
427,330165222.39481914
263,67654639.74828018
598,128393738.65190642
2895,166478763.88598955
687,105626873.1328017
1822,81920106.00926116
2191,52671588.3110578
179,45575234.24534183
1009,133530703.96663548
2010,54641141.830859646
1991,73679429.13672104
1411,135776298.545198
1721,181685245.87420616
1144,128515742.6934479
593,116062239.2492858
575,213739754.87124977
1249,165851932.72971302
1604,56742369.50874954
1064,408535120.39211893
1923,87015941.27483569
1988,51299911.25329712
2325,122416115.55036882
114,156313461.70575747
2700,180749617.87424016
217,120266344.80910559
343,128402385.75090502
386,149084097.138649
2005,54253407.534861155
2908,67541455.87134305
1814,166438274.09459177
2446,380176569.20445174
208,170668784.8363572
1679,71669472.41698663
822,270770283.1079293
6,130202096.51227821
1781,327486900.9579558
2397,228408680.16301626
2340,223279031.1696968
1618,98822513.53605816
2843,80294371.5512752
1061,310547187.79763925
2786,51696015.01203715
1935,82368077.44902074
1341,44954846.75242659
521,213382122.89845738
2136,91332319.43222688
996,118325823.25332494
227,83204665.8890708
135,97851401.14592402
1167,100860361.73223852
294,100502532.2473558
1776,152390899.6969498
540,118718599.09691761
1717,140622817.5441988
2303,55388490.21037247
116,151698852.75487834
127,89415346.55023508
1371,56126238.37481513
1014,131434189.06334025
1507,10002070.739293085
702,118159327.38235362
750,113667537.14196949
261,65922231.00469958
1559,5335651.721571946
577,197996085.1574135
2812,128234842.01856183
2080,108850071.7233804
1368,52468308.705759935
2376,54696552.26937768
659,50483116.014492705
1235,71012868.43177669
332,26145341.43335793
1917,76424669.55879198
2094,207817690.2784312
1460,172539831.83894894
1471,177999058.67387775
1509,55043089.50828719
1922,67817189.57345939
433,444219709.03333086
460,196991709.23442432
1116,224708718.68751103
1137,128371896.70212539
53,120078723.99240278
2354,165296632.3008097
1475,159494151.779526
1761,577703510.6515551
842,89358374.58088495
2739,137008747.0974948
2509,74881448.38403966
1007,151442152.0449187
2610,147056528.416621
1952,53907660.98033212
2719,177496708.99780914
2921,45050906.3483595
1966,84508921.07012938
292,48295916.58434021
1204,121923205.19955845
1829,179960812.87426826
2419,104997499.88519138
391,131783518.523826
798,48449484.42486178
481,109226066.45589198
193,155026957.771776
555,76749917.8174489
899,27110631.47077281
2357,107895263.52886541
328,67258487.31665038
1356,32186198.205770686
1154,59580162.88038926
1730,111160404.80162011
2249,81048299.18622856
1119,172943318.79424718
2856,75183764.4819528
1394,82247883.763212
2587,108260012.86778006
61,295701455.8414443
2661,134119901.8079789
2711,58688444.75588457
1147,128348921.53294022
757,83813833.12654962
2623,51345468.48504271
2378,102790575.42080921
1413,30911265.18727562
1722,153850430.21168968
1112,175627549.05670288
1623,121969623.18058683
1201,126885694.23517726
1513,93189118.00256707
957,218738608.71453992
1171,212756479.21769166
1145,126067982.62006737
2726,194013742.0729535
703,47208931.20566902
760,62050883.92724093
1964,86505119.29797599
2512,101923542.09319784
159,89024306.04193416
1281,110171029.48596102
468,108482152.47143973
290,63713512.83013939
665,81084015.06813766
1463,179755989.72558895
1792,178919263.0312737
923,86845999.84168048
500,231281208.90595648
1408,54266795.5045368
331,26408090.268843867
170,97585053.10858904
2192,44151625.31269075
2571,202137257.09532437
2314,93410646.08454987
2647,47861672.698628046
422,348821418.7432833
2457,356231246.3350897
1838,160629162.61173078
2805,155528004.82018873
1645,124533666.89313783
1711,267287368.7992533
2825,203039916.75832722
322,319559877.70373136
2103,223480733.8947018
342,47528756.17768831
600,67578866.4305275
488,130268086.924957
1725,264135485.9914185
2246,188415204.4306589
2847,90287054.78510846
806,160313150.66750944
530,151591399.5837556
963,167856478.63227007
2678,45623536.48543193
171,37689328.82597811
2401,350283919.06542313
805,151249667.9760054
2259,259879179.33325833
1748,98767317.1499722
1361,60654696.2985987
1677,46671797.00970175
1406,91011262.2714444
2322,162216826.578876
688,111217700.31966865
143,90088499.52114934
804,139324190.98144248
1214,119020999.6571563
2828,101440299.57045858
1999,147338555.60757443
2467,115564710.351608
2665,123444264.73422454
1538,360599366.9794504
398,66990001.35680228
2822,90952987.99101979
2157,80804377.61959417
1856,166485605.86970046
1269,53135547.716378115
2570,73980758.15954304
2320,162135451.76619026
1517,35044292.31721012
2304,53448800.10566689
1312,46315715.737566195
2012,79181782.5929008
506,141698652.91446072
2865,163734982.6207167
2367,28256188.3063829
554,47649144.5257599
238,79451182.14852506
1954,52769350.81750172
2488,78866185.03328307
2291,45154622.99810738
1969,29909920.131469116
2725,125358174.64797379
1482,80788332.46408798
2763,116912275.74129583
503,164764617.75526604
1584,176743398.0163239
1531,92314048.63956915
2210,134614494.00748792
459,267207366.6888352
556,78338898.65634732
1347,132531964.00410993
1290,27183890.141808897
1388,45347335.29325962
1571,150267289.82850382
2754,143853961.8712527
765,87356890.50075483
2494,65598854.06719074
2870,140658396.86259258
7,151188284.51935613
1114,217802968.29460633
2418,205329589.20582315
291,-3534711.5530597926
18,313871286.0534489
39,302632013.1551045
1001,212665742.54169634
2442,165175356.66267195
616,91064235.17264138
2680,1182819.8351305511
1414,71626206.98350929
289,115915692.56486697
40,207402033.93936968
860,71098511.2895211
409,85743851.21895264
673,96004869.63378699
2427,119955122.89748023
2036,116752482.47735192
2564,85076793.02711862
642,167187848.9034119
1008,146466884.7012944
1908,114575942.7723935
2519,110918926.9629188
1369,48763026.83784827
2855,51241861.76538662
712,27953889.370376308
1943,23799871.560548816
1958,70277144.38762715
107,73872634.17602067
2295,183078764.91717345
704,25234275.50770831
676,58947189.52904254
259,143419676.69056386
93,229585849.22008803
106,140376662.91830352
2315,116087112.71404813
1050,53538843.177025154
1095,107717593.49568011
2709,87225469.93826586
758,45531499.86685682
1496,74609340.91703297
2370,46687842.16520796
2458,209538758.17727128
2733,112127279.16735873
161,272031086.46827585
726,138003785.29537803
845,161168641.2120153
947,185472021.8495445
2232,24179591.6663168
2563,43811710.31385514
2299,113257982.04523768
211,17506560.159366958
605,188670906.03039798
1478,147535729.1009405
2247,189328260.4926913
2274,166782943.34757814
2869,194744407.26204118
967,158014311.14558175
2656,73377594.98607478
667,199611450.01451844
1042,29492595.9263302
2023,115929203.57946223
2447,359621571.0410558
2055,55350985.805844165
2275,255932169.02367315
2204,74586151.86197962
1563,206773905.9636315
483,145625256.95054927
796,86257705.51345378
1526,84625845.01177128
2042,96970322.19052345
442,285937042.9435001
1693,298016365.97974044
1468,141485565.90754387
1430,164864489.6692935
2605,184789759.88753963
1529,47693425.24149895
335,79609853.77094878
1287,90006259.14162005
31,39296586.19333915
1785,257721427.44576615
82,110403146.11717512
2620,108782953.82418694
252,167062166.63546804
721,31616683.537701182
2165,140865755.09424236
2316,101828116.32164909
775,75736328.6122225
1558,97045605.38921584
17,110311343.79188547
1022,203566283.11278555
925,60593312.24590159
438,250587876.19392517
1270,108486061.92984797
1272,65598365.8337116
215,104261151.58571321
266,140716064.78455654
2402,190234096.63665912
1250,79542208.28317912
1984,82275835.56554693
1279,106790825.45689924
377,255061986.4776658
1252,78223259.83915564
2156,172536857.66128537
499,239971233.57243136
1374,55053249.39273497
2898,184000554.22781035
401,66988202.964887656
2721,161152040.37971818
2078,302130370.3675371
2589,68002987.34585778
1946,300552852.9368939
1334,50156689.742106415
2781,200924406.01982203
431,332040390.9694196
576,133065831.22122185
1474,126983993.6724311
2254,58505095.51296386
2155,228000717.4834281
885,79962433.86982687
643,69446276.71574792
1944,87796913.74540685
480,118237375.63820136
2845,97629666.97641835
2387,242934733.19340593
2407,149794360.8815433
2527,81784572.4257864
2514,68868493.6525061
629,110914490.8213411
80,139106173.41747004
1876,82176653.71912469
1546,38134281.42597892
2518,103586396.68392837
2347,104938305.39854942
783,162357834.80113226
1322,75587556.49680685
194,55966422.26019988
1770,242290203.53237915
2143,101587908.20986202
1229,135768422.9068416
511,230391686.10647166
46,148618787.22750357
1348,107707916.5327489
2465,112664616.79247545
387,138081839.65141383
873,156376088.6290166
1918,44872235.06087567
2764,137025222.79055792
2184,42988591.09399571
934,95357568.77861185
1920,68435978.8740744
2631,70788999.87904169
1768,523275611.0895899
2040,96329973.848223
1749,136453152.01019683
834,135460755.80340907
1457,184215998.62385193
79,48608495.19578316
2302,47467209.946074255
1817,94794541.16438712
2755,212012600.60268363
359,123823746.84143026
2059,54070344.02272388
2092,209675964.53976333
2516,182085930.3164249
150,48496685.72953321
1656,94383238.91070643
83,64981142.06218677
2411,138474275.38827023
795,25064207.982866883
2312,189672913.4728473
2917,47962498.905401565
1624,103314808.15976878
2215,255602633.43799865
1211,78006824.3646862
1485,80825354.07798553
1024,138525895.226676
570,135101452.3229553
2874,81875870.65162556
700,125633931.03190936
2756,170407589.24975803
2022,101795902.1926111
583,146478821.57949916
2392,254721763.42639753
2424,154233210.86462146
212,76979691.74370736
736,65206864.35842418
1610,132568353.3880096
890,77285058.82558535
467,108179453.73024862
578,141743499.1552923
1747,116785170.62357606
1149,125713714.78604017
2758,205676004.30143154
857,43350306.1789107
2219,225807945.7495685
733,38759835.071164526
2909,63874849.69955444
1798,193078169.48676404
235,59477115.085039705
2366,108140178.24290143
1027,77621810.22534527
1195,64083084.59094461
1303,19375843.23115245
148,141944317.9985773
608,109856195.52366228
2515,99589979.88395405
821,267245276.52968097
2500,192069416.07855716
745,61842866.84061399
741,107802766.37025003
1611,94898447.65660666
2532,62904045.54554207
1081,184747946.55672514
1692,363239989.17252135
2520,107614526.55841778
276,44756026.46346971
1992,94578186.57322831
663,33859349.53088027
418,50194178.96571045
1733,143779218.84232813
2359,92311969.93184702
253,133582314.49501202
1518,141214155.91106972
2035,87178780.93699555
2919,26279659.250776105
1540,178212640.32444465
2120,96583665.14406775
1674,142766070.11663917
256,86244802.08039318
2361,51467400.45536611
978,38584894.52206692
2280,93319613.33946536
2095,165843317.01292348
1709,247438689.10812777
2801,189426732.45455328
1246,68570691.3574373
2373,28595901.55554909
1055,229223446.8630024
2017,108686067.77615729
1099,173007580.10973617
1344,21237125.809579447
835,139001461.90909615
1117,186243897.79287398
2043,32728641.061755896
2085,55534786.5396499
410,103230799.99690367
2650,54846643.46221299
2867,116068475.48266529
1668,58953806.85433733
1161,87349883.86220272
2122,125840777.56863916
2539,79297964.71201685
1047,98659041.06572072
1445,67507524.37987433
541,85846610.07810551
569,191849467.68802088
1276,79796230.8535788
918,36773132.20433789
326,131331452.12827371
1936,73838546.35457462
895,52537073.186970256
257,87920868.43354316
1241,140926579.6189703
1545,54457437.72852231
1189,120342723.62044643
270,80687594.10102436
2066,211739818.2519879
693,70260038.86581765
1259,166878818.08694983
2916,95316903.71041787
2321,255136510.7329062
1977,33611687.338938974
1895,98484089.28028247
1240,108000998.07442918
85,119130967.3254823
1823,69354611.67320462
825,235564335.0981708
110,167772444.9071729
697,106333579.13224296
2297,38286322.30043428
1231,94054747.08160764
1355,76392901.32987583
968,288942439.184638
584,184413499.49259126
1315,42767874.7583966
1606,66590795.05091016
206,78480656.40288551
1685,284406212.2080689
2016,75283601.79493277
869,142813749.82702327
2135,77734571.69446348
2346,105581626.55790843
2430,191512896.14820394
2198,42869437.97055107
2652,77028149.95937185
27,68066339.17517394
241,139675331.4913945
906,60282215.72738745
1506,60969340.99917751
2098,305777033.7634362
1435,172650617.4895698
2213,65700232.339495935
1274,81808650.10222447
743,27064443.207576297
1737,144698558.6213637
2797,199648589.60723802
2185,77687.75954601288
58,91939426.39004345
830,135137081.35185155
808,88738325.28264375
680,96689419.63073272
1153,54014544.3816637
1291,67308563.14676616
1818,126559295.6694615
2161,106286271.03351893
1883,86183354.93465129
350,335112973.73547775
2473,88910622.37478839
295,137119673.35130838
293,191670046.71390805
859,52242162.99193605
288,49806332.172612645
1578,123090248.41024382
102,111193702.58798955
2831,136113109.57768908
1030,128652906.99025898
2551,84558905.25969438
1286,132386162.60569744
958,272499611.1621928
776,66932693.08241813
72,173488065.77540228
2263,208420709.87935537
1866,100639263.36775166
2876,20225157.42505481
2146,184003525.14430264
103,98137689.80533378
1500,101329621.5215703
492,117036367.07512857
167,97438948.18448384
2597,65222480.951137766
2685,66299611.20598289
1035,97031335.99664985
1220,19293499.658780426
2602,87727616.82775562
2159,134887438.89989135
695,111202011.3187458
1109,175917419.6352605
640,127975572.26279956
1652,96461130.67186132
2090,155164157.2139527
1188,160553583.47666344
2345,204833545.29085252
1059,384968444.8472107
2751,203838078.66436264
128,168922126.75224736
1523,112369038.49582288
2925,104104732.577001
2145,275777974.19745755
1121,156320158.7609137
566,277984120.61788785
565,137868593.28942093
1331,91713672.37951109
2928,53214257.7906033
156,88795298.3609193
797,92631885.02534248
327,44985236.582992546
2859,72227018.21170424
1453,45178492.88883252
1762,287790195.6019079
1868,182461240.5797728
1760,119751269.54099472
1113,210920542.48418826
1812,140284349.8213061
117,100321657.5034463
1142,204065087.03561068
2342,315894506.04955274
927,73900170.67610212
2478,131063940.78468269
655,46491838.74981352
2064,73334146.85358605
369,184567660.74453142
2239,64245736.93031624
2732,175103520.48293245
1653,134856476.47254992
959,161996209.84071577
2395,320279357.42500395
1412,43898610.50183824
271,194155174.22177517
1484,80788332.46408798
1497,124409857.85841647
552,60027110.14601041
2,59921434.722551376
1855,278568835.41467243
4,264231900.7187523
2292,99443546.48022969
134,85414978.88922781
646,61619968.842992
42,282112745.9639705
532,175608888.03383088
713,41922159.29993022
2561,81484831.06400721
2360,71848551.43918481
1333,81700886.31048882
1407,150740819.2028822
2892,198476895.4800391
574,134032552.63081348
1227,157667052.43650123
2591,210649534.4503697
1476,158685360.88035712
1125,174629413.04375017
1446,61732583.6256155
408,50776008.50111409
1101,207747309.00746194
2251,167706982.20041445
373,130036041.4380636
2554,66281208.54506734
2382,218657640.52965897
1985,43856814.25250945
519,147749980.07036152
1093,126705674.65707411
864,163245477.72084644
2889,92222178.9513495
2308,192126515.8338863
986,98052729.52063175
1302,122233461.84188102
585,78443014.4886965
2708,70342052.94491167
147,81080395.04965106
1441,166888327.02632686
383,158473456.8197876
285,109794200.0076492
181,73161023.19690977
358,59543440.56852539
780,156243035.8497888
258,114208099.50913472
1865,163812364.60770538
692,54963353.312888786
2902,299493001.8058067
508,232261579.86472014
2638,94689040.35797311
36,102383070.63130422
611,131051564.79534413
2281,84438195.9680611
1678,92474794.62365966
1696,415981746.48010486
1557,27026643.814944435
2180,97530533.29552712
1726,149052271.74517217
951,58517722.76619526
267,162188093.88782898
2706,114972250.12690477
2221,204279889.70145118
1357,103818564.28956889
2901,285231407.0477119
347,114617488.21250556
2164,128675726.03097351
1586,240563363.2154095
360,135710677.17104012
1769,123703543.16119644
2617,120287513.12959221
1879,127144585.87445126
991,201241828.39389968
1535,68779862.32544422
1191,143023649.08863482
1579,142639675.47132272
1882,60579903.20212182
1510,81617871.13867724
2196,85413386.94189794
1845,111307788.51868744
2336,336914076.863554
942,43357850.34786875
861,52438232.77696934
2555,59986989.985844724
1392,110286194.02749512
2099,223480733.8947018
1543,59494237.80731091
948,224505469.4453118
1239,131312080.29787968
22,136760546.46728733
2796,218239998.41925222
2747,135618682.22932613
92,224103991.31423196
210,138620678.58817676
1858,144474647.23780987
2228,97639088.5082988
447,170362652.83478686
827,183765479.0013724
1649,174828069.848606
682,92409509.12823677
2698,61961773.58374029
494,78266577.7044216
214,59739452.955002986
2441,209712700.9708853
2679,65823153.77917161
1336,72835691.36357291
465,101255450.28141698
1524,49154385.830278486
2543,68095994.45610502
631,62988149.792587586
2452,238588272.9823016
228,73053499.27334692
126,98005488.40511283
1092,148656225.92368472
1122,164632570.16039047
932,178587152.85777277
1980,54815251.32689621
2171,60822997.859389596
551,89647966.56718588
2768,136782491.6417904
2056,55366715.66300171
1159,260767825.37229255
2645,71594069.85829674
1174,96253713.398867
2266,150471473.78392223
2462,394279151.81949335
1219,94320527.49442889
2922,160619917.8217874
118,103428714.31508091
474,119302231.99310267
2576,99319371.08261885
872,233870016.82133743
1077,151424293.5844547
1536,72759395.51112956
1150,63020687.998826034
2341,247160762.1890523
1931,120929219.04227915
2785,70442732.61070517
2538,67401413.36109515
597,130281622.95698759
464,113948752.01183972
233,155357827.06345794
2169,68077721.06942253
2123,107673172.73987369
1867,126044738.10753347
137,240956976.76774493
515,162018054.28737324
933,49270160.839818835
2784,132966826.89800486
972,126257806.60519865
599,117278603.52884935
2614,67706689.99563473
2582,85444520.57183711
1409,131532244.92851768
175,48132769.087361254
352,155968777.65148878
976,50845974.515772566
2134,122780265.61269799
984,33546324.98675421
2396,326791835.8558625
1673,52268394.464957885
404,82069272.24192362
607,138504006.60852352
814,141555168.20662728
868,126296090.0414879
2271,148789599.21260783
1633,172152487.97720805
337,157149041.23317194
2765,137456362.09019104
1746,195374224.72027293
368,301293964.224519
2806,153942805.4987112
1662,120655371.0732192
1234,142073163.62740675
1373,81957656.54027338
1672,66537741.3071534
1939,57813110.139634155
