Id,SalePrice
2658,124016.42576253603
2718,152524.6957076358
2414,195581.35933384375
1989,108442.54896296751
625,159412.67721453815
333,93435.1498556337
1327,102005.93941536263
858,129163.92354880352
95,182638.10343471298
1568,151656.05362856225
2482,148235.7880055097
1364,120816.5918159645
2584,145310.28775000502
818,273601.7385339775
2673,144128.22608162998
2089,128995.30129482495
1297,149346.26709206702
790,110440.51185974924
2616,164938.66577526944
720,190917.58250305758
222,133459.79742230856
557,111756.20864522793
1148,179364.26244873938
2766,170191.0229073824
534,169600.55655368228
1452,104695.78049588788
630,125602.69481352877
2648,140890.12332784373
125,141039.37359569868
1904,56728.50042397648
1670,99405.61167119014
756,100766.22221727173
717,234233.92040675835
1032,148452.29799358637
852,193476.37372279278
1731,176120.7908727119
2639,97421.90465685629
2071,91796.30343110078
1267,118639.23167076374
1851,176669.01771280175
567,148078.78180539494
2439,199808.3461878746
1898,144182.40027837342
647,143718.49557353344
2256,204312.13775081257
979,99851.38876876178
1444,211385.2170110302
2485,111105.42030980132
157,111879.85988728137
88,104703.85585488283
2003,108695.48013921102
186,221364.59340649482
1425,228655.42959290315
2695,127643.56076225269
738,105216.22826477815
395,141347.71883342607
1353,158801.10577645042
1878,128961.20926751496
390,154166.282065436
1456,226362.4142893097
1103,276067.05894205574
1387,101856.8769103044
2070,125026.4992112446
1199,167941.6760354859
2479,167910.29491703428
501,268697.09568664024
2362,89158.7622252318
1718,178841.21747772096
2188,83271.01563120994
1483,151037.88817059135
2557,89075.75740276452
437,325377.48913309386
2224,171909.52380958412
1628,178653.62449287728
397,118881.41541065057
587,165978.09569542366
2182,524127.35780779517
971,149522.55014229234
2611,134791.9589405992
1887,99171.37561886225
2399,314865.8754591076
2148,188083.45723641955
304,122961.01046724599
1997,132000.95488746624
2817,112200.28816427448
1431,175606.36552116682
427,306098.7121169898
263,111369.66768565177
598,149388.095499598
2895,198429.83337942706
687,142062.81315478918
1822,120989.7546859308
2191,101143.49433931109
179,114877.38506627202
1009,192931.79431467265
2010,116174.67667419389
1991,138057.77335693294
1411,149672.39521211694
1721,207282.95837898983
1144,180209.8867606498
593,209285.20876337527
575,252609.18823847687
1249,166479.02183256747
1604,113656.60808461726
1064,322075.79926782753
1923,136489.72120765166
1988,99629.93193137803
2325,169563.76061677773
114,176076.26517811412
2700,158764.22303154657
217,116479.55786268733
343,158608.93610645118
386,217972.29180017614
2005,116482.19773650728
2908,119115.18839566634
1814,214537.96446690123
2446,449002.0992254057
208,154688.71680204617
1679,115284.26767597241
822,305021.592595888
6,181076.93103120994
1781,351440.20495740423
2397,267004.3909305418
2340,267546.72491782135
1618,150374.44327969215
2843,118143.05683488415
1061,343354.23700632673
2786,107833.81876476572
1935,122942.72453273844
1341,111893.80661982234
521,245286.83493116387
2136,122438.3786826907
996,177221.29002210725
227,141275.51961971523
135,129902.14655201805
1167,150939.02716557897
294,194933.57390211412
1776,176914.2400504447
540,164588.69280819013
1717,177074.2009789822
2303,110509.1516778756
116,173472.52703889157
127,122416.56325507177
1371,130823.31568143981
1014,149096.40492934058
1507,101385.9097147103
702,138433.1836364334
750,146030.82606388573
261,139160.59146992886
1559,74275.43231868582
577,189103.3839321123
2812,191869.82602547648
2080,156861.87098696793
1368,111496.99108360997
2376,111941.50764102003
659,105144.81785696678
1235,114551.96563950072
332,86474.30985591402
1917,130980.95800103444
2094,249348.81820726465
1460,252681.50014036946
1471,190897.71733349015
1509,117633.92014613596
1922,114300.45024785235
433,390714.3026909485
460,245728.5173476598
1116,227346.98432842724
1137,151002.57836396093
53,157952.68090282203
2354,227442.05720909953
1475,179360.9193582994
1761,514060.41388027323
842,126311.53349006078
2739,151039.85534199045
2509,156661.42434211037
1007,202469.52472396757
2610,174094.17769270064
1952,95563.45891019027
2719,152776.43296486532
2921,92686.78163592865
1966,122386.93925640742
292,118182.55364827346
1204,181605.4119767135
1829,228873.83913543244
2419,177361.89158023018
391,144413.09653254334
798,118305.21163424729
481,191108.14609670808
193,186702.0940454701
555,111851.04984321145
899,74649.01390940504
2357,170281.5095198095
328,122545.81851458598
1356,102165.44526968134
1154,101446.90681901193
1730,165961.70398254035
2249,138045.37197681138
1119,249844.5182216741
2856,124751.77403592778
1394,124886.07391435243
2587,118988.00406579729
61,295704.5842209467
2661,179475.9705665569
2711,117374.73226337734
1147,173896.1417935947
757,141335.64390987394
2623,97216.00180590332
2378,141528.39706473154
1413,129696.43066402293
1722,197697.26956055386
1112,201754.61829136254
1623,172462.2506232842
1201,181562.46404189945
1513,109949.45393568475
957,284056.4524777871
1171,249709.86258355377
1145,188535.22629427776
2726,194678.29441350768
703,147763.602481071
760,83642.87143518955
1964,126365.2486313311
2512,175909.03926152206
159,138047.1792483442
1281,160882.9600935094
468,173000.14778174795
290,117199.909680324
665,105024.46993432766
1463,247528.06227133406
1792,209365.58019574842
923,134303.8470558914
500,253828.60601398005
1408,130999.96112492736
331,74324.24133195984
170,122539.98959788878
2192,93630.60880869724
2571,281943.0379082535
2314,159368.81647403105
2647,89673.55812744322
422,370547.52601783996
2457,308595.3256045895
1838,187720.54472057417
2805,229119.1100336163
1645,143594.59421124106
1711,279663.25753494236
2825,238588.8042657213
322,311196.3607143519
2103,233357.94505824964
342,117742.53098548754
600,106003.58383637296
488,168228.86125312772
1725,276671.8652010028
2246,246849.4549982316
2847,152394.09372283905
806,231494.90027907473
530,215722.24114886823
963,173987.45279973978
2678,88983.30149778581
171,87433.7235221681
2401,377369.0265061514
805,210233.71896418082
2259,214024.30831256753
1748,180121.11107019524
1361,132852.01662745234
1677,120457.19309904068
1406,143991.64250617992
2322,235298.1091136317
688,151860.75417782704
143,124164.41808634004
804,204143.6068502748
1214,141426.19389467765
2828,139373.21277995134
1999,177111.901628636
2467,183142.44997846347
2665,175506.1297033184
1538,331431.7723253094
398,104032.06241954796
2822,129961.08109217435
2157,141460.2421225608
1856,161467.1572855784
1269,108571.26538839578
2570,111373.45950003591
2320,233118.87220316014
1517,114992.81399821829
2304,103605.12507979831
1312,102944.94266838793
2012,134018.63682234567
506,216792.39191923005
2865,176247.03349694322
2367,110937.9051545173
554,102502.10793310366
238,120766.34472788668
1954,102309.26315186638
2488,148142.40899575927
2291,94779.60857176405
1969,101025.298700797
2725,145057.09182992787
1482,148201.33434233692
2763,192539.47995318007
503,228865.27338315512
1584,229234.1249364751
1531,147646.55779152282
2210,157973.52035740158
459,286577.2747065068
556,117790.37287061248
1347,133851.06090059585
1290,85661.78797143005
1388,97437.27591975672
1571,292868.76380234613
2754,181220.309964815
765,123950.27355189362
2494,112864.4576543838
2870,174848.36493911655
7,193563.18338323687
1114,225736.5296207185
2418,259941.82932064665
291,132101.84359399267
18,315770.18148416054
39,312360.5700371214
1001,231015.6059355511
2442,224700.33644564077
616,124571.90620180231
2680,77391.98676455149
1414,114457.15270387569
289,137685.7434436941
40,220492.2881135464
860,116404.50451703572
409,128219.09196194247
673,133045.07398946042
2427,161230.67401151243
2036,200429.31707906796
2564,132129.63172198067
642,153889.4260454957
1008,175749.90271042872
1908,138996.36705980767
2519,193071.2842000305
1369,98449.00367644776
2855,156995.17447239917
712,90105.1030138297
1943,101373.43775133054
1958,117639.66426794959
107,164429.1500953638
2295,184058.49842195614
704,100253.20706706516
676,121137.27266648237
259,175095.11598199577
93,266080.22067337885
106,227738.4985314154
2315,165198.15507566906
1050,103164.59683564701
1095,188258.2129541696
2709,128697.82038252515
758,139910.77696764749
1496,145380.7538305994
2370,120822.63175927322
2458,237367.47339240735
2733,126486.62637709998
161,258174.99146530786
726,160562.75941013778
845,189632.4642028992
947,242907.56135396357
2232,97360.43351428477
2563,125604.78940247129
2299,126672.31069870402
211,81931.86050478296
605,148419.2388164694
1478,195356.63410358483
2247,249822.6311417071
2274,197081.09207647585
2869,179618.3981689362
967,204321.90357500094
2656,100852.70375368929
667,192303.92533935478
1042,115816.156829907
2023,156080.42463395468
2447,374429.2365218142
2055,114334.87437643298
2275,267037.33508136024
2204,155466.37314276444
1563,254127.96558039892
483,192447.53306771303
796,122046.53694733961
1526,141698.41461267488
2042,151485.90706830347
442,306681.61577649554
1693,307741.55825703335
1468,211022.6004935264
1430,169273.95885875693
2605,149502.56225638924
1529,178492.63919257178
335,120891.93386612335
1287,125112.67882763277
31,104485.39828710872
1785,262272.0509339776
82,150611.67519327244
2620,127425.23225061706
252,180091.40316285577
721,77430.97711436948
2165,164662.7124438623
2316,165998.98462777195
775,116626.1824647322
1558,98068.59129961954
17,198165.81556063297
1022,207219.89831444583
925,115550.78759170616
438,255997.1178416757
1270,123371.46298990963
1272,108468.02823150417
215,126099.80968232694
266,214717.28805736816
2402,253462.6527039085
1250,117751.9140814075
1984,110183.84292180669
1279,133398.53547003056
377,238996.43394803343
1252,132696.7055462115
2156,249088.792318427
499,295162.903458786
1374,116937.94046326875
2898,222681.25290624987
401,105685.37653053876
2721,153633.7983224151
2078,222040.861661711
2589,111869.14590880522
1946,227962.03312242325
1334,119919.08404748267
2781,210379.79289462342
431,340647.20379342564
576,198635.92848363443
1474,200019.8011497315
2254,128773.5502910373
2155,259838.53025230096
885,118533.9653683902
643,123239.1284693076
1944,120000.49838420574
480,190237.78833518273
2845,103109.42667987186
2387,288855.29998845304
2407,181756.91560251897
2527,154134.67430088233
2514,154353.6415712756
629,149191.828543345
80,191025.0241908656
1876,123824.25417880318
1546,117878.22815789009
2518,151858.39374087792
2347,146850.02800532826
783,197703.98397707127
1322,68534.62229066253
194,81109.71067292152
1770,262386.09224553156
2143,134371.7587705956
1229,219005.74975138775
511,249788.98091168335
46,193406.19805147935
1348,167612.53202113853
2465,181849.85275575353
387,219329.63881036488
873,199791.21772402196
1918,106158.29899615393
2764,230860.93933277315
2184,104146.36103366294
934,149527.9442467112
1920,115363.90481742147
2631,137255.775136834
1768,515238.15865944774
2040,107571.10874526581
1749,207315.75353304614
834,213771.47192547857
1457,221295.34664407422
79,113843.84249498753
2302,107302.2496343295
1817,129724.72540475526
2755,207119.57526088395
359,171362.02441333624
2059,102781.11302686634
2092,232464.27560981666
2516,207111.061978534
150,100187.44866842948
1656,134908.1824956054
83,97195.85756089908
2411,163008.0265285105
795,90542.34152827415
2312,224120.21186911437
2917,90864.07275378381
1624,177158.87419150776
2215,261319.17317459238
1211,136415.37460164307
1485,150865.22758687683
1024,165676.73206032693
570,179433.0398274028
2874,132187.75969839885
700,134658.61277110287
2756,188452.0396135025
2022,165532.366519129
583,199365.10897090615
2392,334777.2083099316
2424,176844.57076974466
212,102584.99205527332
736,119083.17676203285
1610,160602.0102559937
890,106304.83857886808
467,169609.27138106048
578,227708.80228322736
1747,179365.5298305416
1149,151442.2479331913
2758,209571.18441760013
857,118435.61961999681
2219,248019.4197365918
733,95090.53230867692
2909,115441.31136801819
1798,243649.83607727877
235,100562.44383226501
2366,137695.0160169584
1027,124427.50271563866
1195,121264.46118192235
1303,57671.95294653137
148,169232.30660262264
608,141093.8233343921
2515,185606.48283340308
821,272487.8804195601
2500,248912.50401324296
745,103640.33202040326
741,124410.60043773739
1611,141452.81958505197
2532,109825.14278337477
1081,218098.95145978144
1692,371000.49586838187
2520,178784.9136888183
276,115883.11054745872
1992,127901.21636041335
663,58834.149977437366
418,121745.82707910181
1733,183950.25080968396
2359,136173.6010095318
253,171419.4422097641
1518,171533.17542289334
2035,142031.10849189997
2919,83740.9728698592
1540,224178.90133308215
2120,131189.0477246162
1674,164521.9648774109
256,132157.2179282587
2361,93294.60893892718
978,83310.89523870524
2280,148240.7451395887
2095,210729.5784988779
1709,302934.385553572
2801,223064.50505705096
1246,110844.02457832558
2373,112305.0028829937
1055,256172.981146966
2017,124510.52978061808
1099,248653.4601934494
1344,91729.8372904679
835,175518.43269856443
1117,195608.4739984987
2043,88793.18827622486
2085,110456.48608631955
410,144768.14651250385
2650,115931.76218757215
2867,158309.87318808428
1668,107613.04434539752
1161,166394.67344806468
2122,158978.31788599488
2539,123549.8493977346
1047,127458.99428473148
1445,108664.40291975619
541,119942.72974402917
569,188181.84801919264
1276,122723.93337993843
918,136176.12437875615
326,146810.75275150745
1936,112437.21657655326
895,93479.17644882755
257,128524.60823873791
1241,158745.33852352866
1545,110050.89206261466
1189,161765.85967247107
270,141798.80808015703
2066,166300.78601232887
693,114437.25680692893
1259,152721.75329575883
2916,129142.32919929814
2321,251440.39921646507
1977,87751.68662962902
1895,136006.0522136846
1240,148067.30953843167
85,136929.98513337498
1823,96692.8467745513
825,265332.79571948946
110,201729.0413861801
697,127987.49022746495
2297,94197.52704925678
1231,123845.28701848951
1355,123277.21194708483
968,311055.9316472629
584,215593.09321002627
1315,122536.91495248704
1606,123945.96339481707
206,104966.44445835486
1685,308212.67444385856
2016,123800.91324941968
869,199588.61890101578
2135,114928.4759864495
2346,165210.89038798102
2430,208284.09779271673
2198,85762.29999999554
2652,108538.5742408005
27,107129.27088621796
241,155497.85803730082
906,120582.12867901297
1506,111373.86059361379
2098,331955.2674401108
1435,202282.00498901703
2213,123813.77888489567
1274,133659.1969250275
743,52470.558476208986
1737,172872.3357877673
2797,263735.8910786075
2185,79456.94027945043
58,168324.54942492553
830,182343.94994623572
808,130795.99069286432
680,137751.98175012803
1153,96081.4131947532
1291,138037.62851294052
1818,161660.39835656088
2161,178367.39677290595
1883,115058.37228518593
350,298352.7446643924
2473,130771.49660543703
295,163448.0690887177
293,193666.35737206563
859,118560.58010465658
288,72820.61751593962
1578,142376.86534473766
102,173984.79187042228
2831,159876.23386039378
1030,148464.12347914488
2551,125002.26148930474
1286,148370.99602408582
958,305030.18774622265
776,115994.00231101763
72,204975.03350321887
2263,230686.54951140395
1866,132659.65793510014
2876,71730.66088942283
2146,240589.4049382853
103,172293.40359439133
1500,140256.93932565663
492,168442.48222085668
167,124896.01450680649
2597,112383.35821653882
2685,102252.59096562855
1035,135112.36696770872
1220,71379.56546502942
2602,146531.5906994843
2159,202397.29993204313
695,147218.75310693748
1109,241202.50787393175
640,155285.5863263331
1652,139062.90668497488
2090,179546.43975383716
1188,159257.22233385732
2345,213974.72677666563
1059,370927.8197257434
2751,213102.83647421235
128,181773.88629417965
1523,166129.68343308597
2925,148985.4445496839
2145,262697.4903304894
1121,193337.27350169854
566,256997.60854754638
565,208735.36253759975
1331,126834.0142863823
2928,103210.75694983063
156,125024.08442710905
797,138550.60795622127
327,94392.73405162775
2859,134467.49315215062
1453,106539.04055385818
1762,304014.314867754
1868,189343.0546628766
1760,165126.01085204657
1113,223289.20665452143
1812,184144.6939641648
117,147967.75273821322
1142,196963.59347568487
2342,349408.3697814832
927,117019.07669898562
2478,169188.41241266666
655,79616.48032192844
2064,111725.36863008083
369,221891.44439222643
2239,112610.91640433243
2732,198806.55736807827
1653,151378.2977769404
959,209564.8292889009
2395,311824.27981104737
1412,94947.56357669752
271,221604.6247185001
1484,148472.61233631664
1497,136196.7775656332
552,167657.84317033915
2,106940.51757619064
1855,254940.69582637714
4,251544.10442034036
2292,145671.436291148
134,122853.07515302114
646,95997.78184451842
42,286062.3141260021
532,198433.27496181283
713,95430.38977077897
2561,123829.09472217088
2360,120706.79114611736
1333,119832.6219894143
1407,191798.4568564191
2892,271146.38629459194
574,212946.31350822418
1227,171262.3700073338
2591,214485.33301201533
1476,194038.97270037714
1125,249775.23605663405
1446,113501.59819875176
408,110995.72466178838
1101,268096.5204150892
2251,172788.02818870934
373,169918.17275132687
2554,110953.3646062069
2382,231496.96885146515
1985,86805.03636854122
519,202340.4496952092
1093,174958.5031734942
864,242053.45498398948
2889,137356.8794158342
2308,163808.22260750443
986,143463.24914629402
1302,145310.95665074262
585,149319.9858411812
2708,126503.2197343786
147,117055.27781247073
1441,204761.89953541534
383,171531.50647520268
285,137862.03883191934
181,105779.10900898131
358,154849.4971720514
780,156887.1916988769
258,182137.66062768278
1865,184814.4256090882
692,117309.7678706092
2902,302400.7280639478
508,229222.8417751781
2638,128086.81408762046
36,139982.31764269853
611,157399.82898126158
2281,130621.86064776205
1678,136635.04725706717
1696,377095.20836527995
1557,85464.68343272171
2180,137598.6081615386
1726,192988.78450055528
951,131181.69008651178
267,216099.52608319244
2706,126703.01261211428
2221,205857.08579800616
1357,152089.72882999334
2901,288825.9396617331
347,172795.21609871695
2164,177926.87454092328
1586,281514.24601382297
360,154576.5404319109
1769,205698.57345497794
2617,174402.23162488537
1879,134356.61812121904
991,194845.4474367715
1535,113643.41454829286
1191,137125.21640602767
1579,199875.02209495925
1882,121999.70886363622
1510,116059.70246567589
2196,133568.45212297817
1845,171949.1207907329
2336,359469.9643832394
942,95445.43453464072
861,107471.3515714242
2555,95787.99630280727
1392,125141.9459674514
2099,232462.281802111
1543,126586.83048759217
948,255923.7803550111
1239,149350.56685999557
22,178826.7195885093
2796,219933.5613107258
2747,171244.8053158995
92,269064.5459919935
210,141432.74255596494
1858,205132.32275040596
2228,164373.21666957342
447,189888.29914693648
827,216901.1440592032
1649,200053.99726889518
682,118120.01270637506
2698,109914.48603143153
494,165757.46137816252
214,100458.14668733865
2441,227696.3890672939
2679,100353.9454301709
1336,115563.9419900093
465,178577.50656441203
1524,129973.66120535354
2543,105757.38054066576
631,120512.48019059793
2452,283678.4966053495
228,149374.54523936706
126,140382.09366925523
1092,195213.976129888
1122,188709.1212763069
932,180535.69171183518
1980,92073.42225842361
2171,105521.87482809258
551,143999.39758782767
2768,156453.84440375792
2056,103372.52067420926
1159,310718.48553829733
2645,100323.67475581077
1174,173534.08663996003
2266,205280.36889811794
2462,345048.7280500068
1219,132632.88153012603
2922,168500.4566639101
118,128441.80082335566
474,162943.07571878348
2576,134852.64758533778
872,259323.9734802199
1077,194331.17506781232
1536,116475.4002040276
1150,110528.85336828418
2341,268252.42205919867
1931,136960.26421569765
2785,114990.77926703352
2538,115734.48110608933
597,193708.82758608658
464,183654.34318320273
233,206079.42454338667
2169,114000.57870870692
2123,162165.83542595303
1867,146476.07095646003
137,204963.68596973445
515,214218.34561489086
933,123928.30298363323
2784,152094.44927716852
972,161276.03762335874
599,140681.75764404287
2614,123453.01278166813
2582,133060.31793957428
1409,153891.59014726133
175,91692.42630534113
352,188374.9474605184
976,91821.62176028817
2134,188027.96432897495
984,103140.29214480685
2396,333407.1753929931
1673,131822.90663021337
404,122451.80089056469
607,151107.82097654362
814,147091.657435732
868,188457.6900342975
2271,175115.02683157718
1633,218213.63528909694
337,167918.6255492171
2765,142841.81413709334
1746,218612.1374095191
368,277100.48193639814
2806,189782.18052025436
1662,161341.36115354317
1234,197812.7676104023
1373,120372.40180796111
1672,102577.74953427099
1939,117276.88302081588
