Id,SalePrice
2658,154030.66699271766
2718,211875.43014526134
2414,196492.05815972062
1989,131083.32973286044
625,181597.24746940285
333,88220.85822816822
1327,112597.35045032296
858,148324.02525581652
95,212297.25198118808
1568,172142.67661504424
2482,177245.63390264986
1364,148181.03720401996
2584,172410.31928200833
818,280172.8815020239
2673,168604.87701117783
2089,129441.74463626044
1297,157168.14685132774
790,118750.48325924273
2616,202800.7398282243
720,203298.02907831385
222,134715.54252777458
557,124501.96145397658
1148,211068.6667801307
2766,152478.41477775155
534,216172.09018598963
1452,112431.55503692734
630,126023.13585774414
2648,128863.81966615748
125,151882.1865935335
1904,14426.044185338775
1670,99902.29063681862
756,98220.29536877316
717,267491.66485021194
1032,157423.55539609422
852,228569.78237577458
1731,193749.3988315966
2639,120919.88806731021
2071,80302.12871483574
1267,113736.17966629541
1851,216939.1008023515
567,166872.05394861475
2439,219861.03178820317
1898,166831.28059534775
647,147176.5518363132
2256,217807.37613357487
979,98993.52733047726
1444,219905.3340502032
2485,112439.41635146551
157,121761.26441181032
88,119531.74467124837
2003,106645.65333083482
186,218306.47045580158
1425,277598.35078420676
2695,128370.68870847509
738,94909.7524044367
395,166349.96205092943
1353,171836.45707398118
1878,147749.7008268868
390,186054.75293338904
1456,239934.8843700001
1103,303390.48126989184
1387,125972.37147325813
2070,140659.2998916502
1199,196259.34373260383
2479,178584.20769226295
501,302950.39426459
2362,73346.46253609029
1718,202875.45215243218
2188,44088.84868815192
1483,159976.0285398215
2557,75004.1835263928
437,306004.26376901194
2224,194525.7179472607
1628,183363.95529132732
397,126173.51263463567
587,211447.23228340293
2182,496041.3657257783
971,167020.61825469276
2611,157671.1195170388
1887,87408.71814413765
2399,307758.95874239015
2148,224399.62113987375
304,130562.91789489193
1997,126368.2206294327
2817,110999.40211287513
1431,182528.14096278627
427,326538.4960896992
263,125339.93881302164
598,171811.83168796916
2895,250295.45552658103
687,178011.09347514831
1822,128216.46869345917
2191,99617.18274171487
179,144993.6621622753
1009,216439.69786074385
2010,115150.71803179034
1991,145647.66004804918
1411,152673.8397826203
1721,257004.3575244965
1144,192513.1110785841
593,228427.21271003108
575,260971.2124412798
1249,188075.2925277981
1604,121318.0818101624
1064,387433.7570301676
1923,153056.40400733287
1988,92163.281174334
2325,169965.0853600267
114,198345.58298836043
2700,219582.87833638838
217,141901.1399590124
343,185923.83695586538
386,247940.4669019112
2005,105331.45284526632
2908,136934.5068202468
1814,223722.13512861938
2446,396884.45220578974
208,145952.94714667718
1679,125570.61911497661
822,306376.7431277563
6,187087.97313411138
1781,350888.1946155145
2397,270056.81485308544
2340,286366.5893018262
1618,173471.70347817638
2843,129941.00709576579
1061,323076.68984322133
2786,110693.32479274878
1935,127599.89629064524
1341,111193.5701736391
521,294634.7955456483
2136,130274.05390967592
996,189167.0554650228
227,141071.48302357458
135,161828.4583930797
1167,177723.88444613526
294,220299.46061589755
1776,222107.29460391751
540,206591.21634218353
1717,202875.45215243218
2303,112526.83244692162
116,197333.50948098977
127,128457.80531897931
1371,140973.95542716188
1014,184138.0848956576
1507,91986.88317611255
702,154480.12396156415
750,163443.11698799743
261,149739.53630894842
1559,54657.62604725291
577,240624.4211622926
2812,215690.33127386752
2080,157403.23021925776
1368,128919.40890501346
2376,110198.5464245847
659,102251.80474586436
1235,118332.91555683152
332,70858.86556164036
1917,141940.2545573297
2094,246274.10887798038
1460,273036.46059254836
1471,203912.0072296285
1509,121058.67667701258
1922,131809.40240491624
433,397111.26557001565
460,268147.8436255702
1116,270255.0453874711
1137,185921.73857829277
53,199880.33692003274
2354,244665.06354554696
1475,222966.52369286167
1761,451405.93505792366
842,147737.8743615707
2739,172199.25658877566
2509,181329.6663216008
1007,214416.93584511103
2610,185107.46585297724
1952,73667.40547987493
2719,210634.5827201181
2921,87422.91538014798
1966,134318.7563162928
292,111106.80042270245
1204,206893.71102363523
1829,243318.15425638994
2419,200038.31566311116
391,172500.08374993457
798,122198.04869004013
481,199063.0019483443
193,210273.1399634541
555,125135.07681639167
899,61026.34786460153
2357,194863.34705988364
328,116663.29111157055
1356,123273.92498042062
1154,104936.52144615445
1730,180103.38289607712
2249,150991.18117466802
1119,265093.39148779865
2856,116838.52684277948
1394,139529.96276566386
2587,126230.98751972942
61,310985.27564253705
2661,217786.2708055249
2711,131861.71217450988
1147,185940.4664349293
757,142896.59410608723
2623,82588.15913539845
2378,164428.9088379189
1413,146288.2092846881
1722,238770.47721497342
1112,219448.416676288
1623,192349.86088076746
1201,185915.8746869443
1513,108870.89481709967
957,249438.253639329
1171,269127.8740999792
1145,206801.41201205854
2726,238945.3239214511
703,164611.32888152753
760,55565.97516101785
1964,131902.7659336077
2512,193798.35007149144
159,172581.17641274887
1281,179031.33163112658
468,178269.14434867864
290,124958.78269923897
665,101491.16014541476
1463,274866.6888793283
1792,240594.1833089909
923,135865.7851514439
500,269171.9233317876
1408,150174.83775068447
331,55350.5040400899
170,108346.69565042155
2192,74292.76125594648
2571,290687.473957303
2314,170528.5982073166
2647,87324.3233964867
422,343506.60316810315
2457,327898.9354883558
1838,216743.13012185623
2805,256888.70015689824
1645,178138.25249819225
1711,287237.0425534977
2825,250236.246215499
322,327751.1867111239
2103,280414.6665611989
342,128320.47778072511
600,97046.45242570667
488,198667.95573670324
1725,301968.85074708983
2246,257885.21104716742
2847,168263.51795738307
806,250508.66768933996
530,234488.40450333455
963,193165.22838488757
2678,58854.41864866554
171,74339.09019232751
2401,348085.5396170975
805,221915.88039551792
2259,220277.5803688895
1748,186173.26926533622
1361,144140.69230433088
1677,139003.35204581846
1406,151241.19780369173
2322,226835.8833575591
688,180221.83541134465
143,136899.97134848707
804,207766.19821473537
1214,176965.34301451896
2828,171935.90905452077
1999,205403.09952595504
2467,208720.63687503617
2665,181202.88459915295
1538,319168.5663120379
398,105629.86433191295
2822,135171.1849414457
2157,159372.59685362037
1856,173758.8694372028
1269,104350.62446144712
2570,116664.24499325547
2320,256226.58692986052
1517,129302.07835854078
2304,114868.19868135848
1312,96416.20857331902
2012,140195.4384797425
506,216611.6366955978
2865,186476.9644227475
2367,121718.736413799
554,115798.83061052719
238,131649.56155189127
1954,105240.67089332244
2488,167751.89120396366
2291,91043.50549735525
1969,92120.79165496724
2725,168092.80120339175
1482,159976.0285398215
2763,209206.35970576806
503,235012.81694696844
1584,242212.3764836411
1531,156080.70165975834
2210,174586.0506017441
459,304951.5395898232
556,136876.89982927614
1347,154716.6919948794
1290,78534.57183211017
1388,97713.73746598326
1571,179434.3424228693
2754,217457.44462995697
765,129986.09761508438
2494,119490.7800342869
2870,171526.38980836957
7,235919.3278266373
1114,248013.78458916722
2418,281049.3344808752
291,117741.00872828974
18,324084.1138844264
39,317766.92939087236
1001,264740.08224878693
2442,237633.0830273768
616,112128.3038256627
2680,41471.10269064782
1414,110015.80692511564
289,125284.07614256814
40,273716.92003098107
860,130303.20816551149
409,146799.90941517754
673,157402.38684087666
2427,199464.7203004358
2036,206654.60343463533
2564,139585.4722673858
642,189406.8857065139
1008,182659.49324756814
1908,149922.43227837957
2519,217954.7509714251
1369,103453.09139139578
2855,167183.48735130602
712,81431.59180327225
1943,90536.20202507125
1958,132655.600897389
107,181527.71296441928
2295,192099.09201444685
704,92738.76430468401
676,116582.78316778457
259,187235.64325815788
93,281780.1259926474
106,243579.2179486612
2315,188347.62074865936
1050,108064.70019722148
1095,199520.95546087413
2709,138588.71330929804
758,167269.27426934335
1496,169922.9504311781
2370,138399.92035961733
2458,262639.75849450566
2733,124946.12286349549
161,275674.9647942784
726,175379.06022824394
845,224180.8458764581
947,265741.0308486533
2232,114184.57125529833
2563,143703.11369206337
2299,142571.59661592217
211,95191.69032431277
605,198155.85475458554
1478,229176.29134596186
2247,259053.0844924748
2274,196455.66704086377
2869,182621.45919817267
967,230579.09079101263
2656,99179.61252890155
667,242410.58195428737
1042,123505.37131334329
2023,166231.98854901595
2447,340030.11657473654
2055,128156.57979598199
2275,284914.7850758941
2204,169203.00300897448
1563,257963.0439187067
483,219137.4664206456
796,125545.11226354283
1526,145336.7180602718
2042,174281.43926341785
442,312283.9266448959
1693,294152.0686620306
1468,218524.02763394965
1430,185653.8090476836
2605,182912.1250909653
1529,182905.1149047215
335,130988.28198630828
1287,146176.11421140144
31,108241.4568102893
1785,264479.5639357695
82,169094.51895186724
2620,114861.51966366917
252,224624.60797877773
721,43171.56027254881
2165,194582.6054762795
2316,176949.23103854433
775,132469.15514050587
1558,98935.6868684073
17,229695.05581483245
1022,236363.0566378499
925,104189.86061204271
438,285990.59962110524
1270,143017.88678422477
1272,118078.93462373316
215,128939.7545927167
266,223858.90571663366
2402,256279.33303747093
1250,127855.04165613558
1984,127084.86415027943
1279,149260.26783736493
377,257057.49038938875
1252,141277.26786187338
2156,259317.55189712043
499,295317.7816709792
1374,103564.96176955756
2898,258682.87479332834
401,105824.37549373251
2721,185324.72821195936
2078,235998.9112870458
2589,116143.76093486231
1946,238958.32240336319
1334,128646.91176399775
2781,247501.53599841194
431,352048.5997835607
576,217856.27940235916
1474,214475.45909786248
2254,157121.10532053816
2155,293570.9276766216
885,102314.94214905333
643,135992.83128716634
1944,132327.4516510144
480,206435.72514090827
2845,96500.68539873231
2387,285467.2788767237
2407,218013.72574992338
2527,161527.71229164
2514,173504.18133892585
629,185733.41742390464
80,215840.74339065142
1876,129567.31201808364
1546,137291.49989238754
2518,176408.40558945178
2347,168322.52137905825
783,171445.72782070446
1322,44683.20812807721
194,60253.64843713562
1770,274389.50061140116
2143,136431.2655005986
1229,209557.07810407132
511,283840.218633818
46,219919.1584645284
1348,182724.15258308104
2465,206882.04669478512
387,242420.90693338192
873,218421.58042328828
1918,113220.98737349361
2764,237443.25517756795
2184,126703.81885295175
934,156617.3889342863
1920,129741.64614656614
2631,152793.41240118374
1768,445983.2022146124
2040,120425.68760161218
1749,222228.59212110657
834,222141.4387351172
1457,247776.0851426702
79,128050.7418438876
2302,112332.32128510205
1817,132296.3885051452
2755,256614.91520675854
359,171664.14392260625
2059,109796.48411083524
2092,244321.88628143677
2516,253708.28148073494
150,110772.0078516351
1656,144579.23707795143
83,101116.64290154725
2411,191800.93037927314
795,63855.002555922605
2312,239526.75756402663
2917,74209.68674537702
1624,193417.82488174574
2215,293125.24615735863
1211,150355.77059248695
1485,160384.9490642033
1024,167510.46713650017
570,198889.23031272483
2874,143084.5243153451
700,160955.50099588954
2756,233465.6655727846
2022,188906.1320128648
583,219104.4216097088
2392,301785.53458949435
2424,217841.34829385811
212,106948.66216335399
736,125515.24469291861
1610,167637.05477007595
890,114524.05739544053
467,177829.4293168278
578,251045.1938512181
1747,191101.0360875579
1149,178298.0437525208
2758,236276.1267739397
857,125214.69656040147
2219,264628.5626246254
733,112384.29597660084
2909,117172.27376936073
1798,276486.91192486184
235,104023.16038744384
2366,141578.031763613
1027,136356.4488288751
1195,140797.56075547263
1303,-47.314117033500224
148,185200.92677593976
608,154342.68860361027
2515,192666.73338195332
821,279517.64603383886
2500,270940.33350019925
745,116404.36198410741
741,142481.8238289531
1611,120421.92093746155
2532,113519.29784482485
1081,235484.9292319829
1692,357574.97773012775
2520,202434.8901049595
276,115572.8120364917
1992,126676.65194007009
663,-6225.729097445495
418,152603.5559877674
1733,194405.8319569854
2359,157907.9245484555
253,213133.6888265235
1518,159351.66660283483
2035,139337.0370430625
2919,70858.86556164036
1540,222816.45534430374
2120,157553.82692894875
1674,193371.97671915544
256,156932.70280931378
2361,89203.13656213437
978,70298.769961813
2280,169349.70109650912
2095,222202.21224005893
1709,294639.6709670201
2801,237612.63505190494
1246,95192.21370000229
2373,121767.14106916473
1055,276138.2592650701
2017,118119.00210932526
1099,262413.3305019855
1344,88509.64516569418
835,177418.39595684782
1117,226123.7579201816
2043,70834.68556343415
2085,124632.9108119742
410,166196.54467490548
2650,126505.73619179986
2867,166515.9075582018
1668,116579.68987635733
1161,190059.88187952968
2122,179747.3782718028
2539,137292.86661652103
1047,155651.2273919601
1445,120519.53772428771
541,133699.92293262808
569,229700.72990287468
1276,131898.80028182874
918,146891.4934253916
326,178215.8063958492
1936,120812.26154308999
895,84587.65292355558
257,147129.97351338412
1241,186540.25053762645
1545,128784.84108202206
1189,180799.6008424072
270,159976.0285398215
2066,195326.15767471632
693,113628.2147299496
1259,179540.66478432552
2916,148562.962494354
2321,282691.7159725358
1977,99138.98912257957
1895,161765.13848414738
1240,166007.57105776924
85,154052.15515661566
1823,117752.54888915131
825,277708.49587773136
110,228847.29589119228
697,123913.08644635975
2297,88577.17507749423
1231,139251.75421421044
1355,134501.55236255727
968,312172.66367162555
584,223196.56501046102
1315,111416.97822592524
1606,142449.41829615762
206,116098.81372418441
1685,308936.3551744737
2016,132993.6427954845
869,223903.63882093155
2135,126177.11416757852
2346,169878.18503755517
2430,238908.04767409107
2198,82458.5625989351
2652,124131.40317276865
27,105239.59809223586
241,187474.54218416032
906,109476.29076081328
1506,94930.67863248545
2098,322234.5289350704
1435,218958.24146067817
2213,114860.74246983975
1274,143052.60946012824
743,1591.0360902366228
1737,214578.11872018198
2797,272527.23816510616
2185,58596.516834371025
58,186180.81355888303
830,212565.00368238217
808,144357.98891316797
680,161998.96922164084
1153,110850.51551446645
1291,147676.86734634265
1818,178417.12961370265
2161,202616.89881028375
1883,132622.97096960037
350,324683.60171479033
2473,156035.5212321321
295,182724.35585194197
293,198684.60581947048
859,112051.31717101322
288,45423.04617585894
1578,148177.6396663827
102,176610.95327334828
2831,194884.29101374093
1030,185598.9601692662
2551,133754.6176123235
1286,142493.2044156252
958,299289.39854923845
776,130526.89961048891
72,206872.9332236203
2263,270310.12540418445
1866,157860.01409778
2876,52538.49038926442
2146,270871.92457446735
103,191518.0468275682
1500,171595.60577885667
492,189242.51687874598
167,141826.46502798004
2597,113690.99203662947
2685,103122.46326334844
1035,157234.86061909818
1220,31473.00502200052
2602,142373.7203698596
2159,220350.61298485962
695,161352.529737761
1109,237870.91251331475
640,189721.4475516635
1652,157554.71895336662
2090,195425.66144351778
1188,212362.2079565404
2345,237062.7288823633
1059,352746.80386352865
2751,255641.48555860505
128,211385.0244425845
1523,168604.9489064333
2925,160806.4827309521
2145,307214.977342539
1121,242521.27645414695
566,300870.5602502194
565,218196.9303968728
1331,130301.38084612414
2928,114109.93222528836
156,148102.65120161558
797,156103.70187048335
327,89233.21043875138
2859,139857.95457470394
1453,105471.53746338398
1762,318500.58846922615
1868,214298.44738992932
1760,190309.66473649815
1113,272710.96592139825
1812,193609.21896208636
117,173915.12170389201
1142,214512.12985075125
2342,321300.2334284056
927,122352.11356231151
2478,202878.47683577705
655,58207.51057412475
2064,111958.45511227846
369,229521.56830057967
2239,122084.5480202022
2732,218269.558632246
1653,170146.95193502516
959,218939.70464113378
2395,303330.0360123301
1412,95885.2503377148
271,261295.5946826951
1484,159976.0285398215
1497,144256.1115601433
552,175338.4212979921
2,118285.9363105509
1855,275940.7606483458
4,255335.9877509703
2292,163183.19650140614
134,130962.0194334609
646,110182.21873768303
42,299291.2217143215
532,234331.0963582357
713,87448.25497721741
2561,122988.91126740095
2360,127684.21471752459
1333,123172.37667560205
1407,192422.17560957605
2892,255757.28693027212
574,235837.0453170319
1227,187355.2016783303
2591,241094.0806194048
1476,223462.69935227185
1125,256865.3229765792
1446,118422.60949610756
408,113609.93642543512
1101,280070.24539034045
2251,191715.14335426176
373,205550.0113357713
2554,108156.50628171535
2382,276047.6605140215
1985,67534.24929898535
519,237790.29529867228
1093,196743.39382606186
864,262444.7246206412
2889,157980.86462922976
2308,206860.61681896774
986,155615.6009092934
1302,156502.66944802226
585,162075.64096252667
2708,154433.9696527447
147,130581.79343823902
1441,227210.72445305367
383,165833.57103992812
285,165488.93748886627
181,116639.24833638454
358,167723.36275019916
780,174085.37473584665
258,210562.06260692142
1865,216469.0206409425
692,140531.65532217384
2902,306290.78215084947
508,287452.17530486477
2638,142131.55862340494
36,165501.49578339723
611,184013.30239450675
2281,117550.22864461597
1678,139003.35204581846
1696,372996.114819102
1557,75731.43082477432
2180,156554.97486699396
1726,236975.5216273605
951,139860.16424593772
267,236054.1960970841
2706,138097.98946976825
2221,213223.39689791366
1357,175137.97522640275
2901,295499.59197437833
347,195213.52021821076
2164,205802.11662763637
1586,294984.69123520143
360,175115.53789445432
1769,230323.80312723247
2617,169505.96029890305
1879,170811.52919943025
991,219789.06344779674
1535,115508.44773224695
1191,174536.7397956578
1579,222025.34786099428
1882,144133.7826846207
1510,116290.3845088929
2196,157722.13036928698
1845,176202.03274896648
2336,326482.30016861996
942,90847.15442674933
861,116689.02181920153
2555,87969.5195662952
1392,142509.445958565
2099,280414.6665611989
1543,142774.83940137085
948,264031.68060198496
1239,157152.84135873197
22,182911.92316439142
2796,258125.56103630387
2747,177742.22543005948
92,283567.7641297255
210,158317.8210375437
1858,226007.08908390603
2228,206384.99911540025
447,235563.8034079692
827,242551.88999448786
1649,210190.79528471874
682,136266.74498643866
2698,122532.13310918631
494,185848.98034833465
214,90927.33060038486
2441,252916.7952248673
2679,102662.14592887904
1336,125856.16932310397
465,196228.02381210984
1524,124741.52224662993
2543,119758.40285832155
631,123712.05983624165
2452,293674.2960616811
228,155466.4734294992
126,164928.81434449134
1092,218558.0387626572
1122,221026.3377407575
932,206288.67259687372
1980,82007.12928606756
2171,98210.16354161873
551,162083.06551094982
2768,178143.861701963
2056,112019.75755936699
1159,332570.9460411465
2645,125809.27598645608
1174,189684.6574311878
2266,214438.19458122458
2462,348187.84332840936
1219,136630.6294163661
2922,211717.81351271807
118,150055.4015139388
474,198121.89408250246
2576,164921.09212879627
872,273768.5928462059
1077,238719.63141355943
1536,137311.81680672197
1150,117228.49505343637
2341,290077.1942248333
1931,136001.88029912068
2785,117553.797717551
2538,121413.80871779937
597,221443.4324732488
464,205141.99702206766
233,221734.3937449283
2169,115489.81724576722
2123,167164.74272991763
1867,177273.7079583828
137,266617.9512041714
515,228318.18441914115
933,142503.24092571787
2784,182838.76220749575
972,178500.2864237493
599,173174.91615698556
2614,122505.83842544095
2582,137530.86219883407
1409,159719.576795822
175,75135.46129663987
352,241098.7781163922
976,81188.4747830627
2134,210854.98312468105
984,99910.8209559659
2396,316495.88316268916
1673,159837.98110378883
404,139767.73670500936
607,168184.86546075065
814,166225.94985535415
868,213135.2254987096
2271,204812.59478095942
1633,230919.72524427623
337,197006.39087132877
2765,168427.66986848228
1746,242737.5190178894
368,311000.3540456942
2806,220519.5923162494
1662,190553.87193363928
1234,202449.26677890006
1373,131271.2541516989
1672,104929.62333498034
1939,107924.0707823208
