Id,SalePrice
2658,-69950981569.49461
2718,-142804820370.46085
2414,-24512638248.626705
1989,-8674215342.354626
625,-53088806262.167885
333,-15341919.551893933
1327,-13224605238.332071
858,-30241985771.340862
95,-47807274722.24744
1568,-36924651268.50285
2482,-30667183605.459263
1364,-10901184805.817905
2584,-49189598736.203636
818,-164913181262.99496
2673,-57048208359.47937
2089,-24574708454.01697
1297,-42716403603.42196
790,-14326360950.833164
2616,-94768135622.96384
720,-54716910889.54588
222,-10225135157.93894
557,-6432961140.623
1148,-82216473115.54773
2766,-11077787522.478704
534,-32577630969.60262
1452,2623818061.5742917
630,-61339077175.038704
2648,-51467188473.926254
125,-15329846610.433897
1904,21878680364.404175
1670,-4594976029.667239
756,-21031991597.360657
717,-167542892962.86432
1032,-25695765671.589428
852,-66699856773.03374
1731,-21065589194.416904
2639,-53520286748.31865
2071,-7636440709.226965
1267,-986273624.2690723
1851,-49869815227.42752
567,-11659460147.725351
2439,-63870856265.14699
1898,-44569750305.90682
647,-38576894483.092705
2256,-65783687065.393875
979,-9715082700.973463
1444,-59785060178.44875
2485,-3517349936.7126527
157,-1336487793.414971
88,-10302592844.342632
2003,-16636744851.317331
186,-90576410079.14183
1425,-91195775936.89711
2695,-21758284222.7837
738,-9794883092.212831
395,-11504679219.775282
1353,-65389146921.386345
1878,-42404477550.95806
390,-29180287789.486874
1456,-75424624975.27597
1103,-159874216072.8065
1387,-24118041653.32528
2070,-22218880262.969494
1199,-45402704279.14665
2479,-38759411420.50078
501,-166769422025.51056
2362,11539614885.249464
1718,-43378064219.41651
2188,15905457749.329805
1483,3377364290.6137214
2557,4501135219.3598175
437,-167002703400.69568
2224,-77335047428.17079
1628,-23953683811.890446
397,-11615538277.154879
587,-97468303685.70692
2182,-736445586202.5012
971,-66083063234.1848
2611,-24033201593.447727
1887,2963575677.998729
2399,-116206585819.38467
2148,-59948833461.98756
304,-13397862331.700306
1997,-18105780944.884834
2817,-29158268792.4913
1431,-36768208019.1432
427,-181005982831.02838
263,-1312831514.0953434
598,-42451893205.775085
2895,-95858357431.08293
687,-45113427306.39169
1822,-5101804507.819928
2191,-20798767301.843506
179,-14998190432.6108
1009,-31447315026.453598
2010,-12567127171.162533
1991,-43408541824.80145
1411,-62692939889.578156
1721,-75472535722.62053
1144,-48048931038.84671
593,-43930035911.13149
575,-97422098172.30078
1249,-95277460943.1584
1604,1075022780.0494378
1064,-256390458720.1768
1923,-30961137747.978207
1988,10968750336.386545
2325,-26836766473.262634
114,-91653235390.96236
2700,-134863199117.50476
217,-100373568702.55008
343,-58192070254.049706
386,-73861073600.17027
2005,-31640342612.669292
2908,-9318710207.928465
1814,-64096514498.7515
2446,-347178725600.71063
208,-58083554222.54849
1679,-15584767036.36046
822,-106975744171.26926
6,-44744032323.81529
1781,-157521983625.62817
2397,-89050689002.7172
2340,-96043730667.39192
1618,-28455465885.996998
2843,-87473122669.09402
1061,-150707855923.78732
2786,4146009818.1324944
1935,-5345080699.219217
1341,-7885179089.635811
521,-82046478633.65544
2136,-10005922188.1197
996,-47822537014.26319
227,-26955448408.86971
135,-17214852084.181316
1167,-32423243178.060413
294,-108216649558.96713
1776,-50561583062.98499
540,-22160830608.82694
1717,-43378064219.41651
2303,8284964245.602017
116,-52192132834.527954
127,-11558598388.109776
1371,-24590599647.450687
1014,-65412687502.67558
1507,84891706.2627771
702,-71234327563.958
750,-68047469935.94104
261,-18614349737.280624
1559,10903040037.089285
577,-102200332255.02908
2812,-50926015193.81642
2080,-47588693457.332184
1368,-12574426594.801466
2376,1479075759.2971537
659,9401633210.244194
1235,-14630678396.602062
332,6463838321.454037
1917,-1505263671.6353872
2094,-94111523411.4813
1460,-112138295015.45403
1471,-63945631378.965996
1509,-10318234613.256674
1922,-9914399617.861403
433,-301282897229.0212
460,-59723318466.32771
1116,-80772383482.4635
1137,-22202756904.47757
53,-21464356021.054203
2354,-98561997371.17152
1475,-56459804289.49811
1761,-560193100802.6259
842,-9115609489.469717
2739,-78845550599.23949
2509,-8299815058.650302
1007,-64326058756.74852
2610,-59189090230.602425
1952,14530116394.606153
2719,-139776873006.7444
2921,-89992999.40046571
1966,-30416343935.20548
292,-37224854111.45166
1204,-76695678954.26253
1829,-120234629719.25247
2419,-28216688459.130604
391,-43165032690.45706
798,-11683598225.969866
481,-29776614925.27697
193,-88588350502.21661
555,-7642163369.845002
899,-5928794767.363694
2357,-45993070473.39562
328,-752493287.5296361
1356,5584240493.400134
1154,4063658216.402429
1730,-28574779319.446465
2249,-3247724818.962092
1119,-74563090435.05849
2856,-34947128804.48042
1394,-38206245390.99613
2587,-24020310060.031544
61,-184549548990.26816
2661,-101299891501.11449
2711,-2258633283.077144
1147,-47786624300.876976
757,-22092186973.419666
2623,-9097285110.757208
2378,-32801510260.07957
1413,-9654899445.326967
1722,-47314801859.847755
1112,-69431216179.73648
1623,-52131264359.42903
1201,-65910456401.51813
1513,-20817368995.06872
957,-156152445011.0848
1171,-72020285220.94543
1145,-49939395129.3835
2726,-117656179418.06252
703,-17376643011.69121
760,7868021710.022928
1964,-9111533383.19037
2512,-26540395278.052395
159,-17717976575.104237
1281,-58621486460.15756
468,-28391545046.56769
290,1071556793.836272
665,-2677993091.299667
1463,-117801995223.30296
1792,-76033934972.27821
923,-33300720737.328114
500,-137556206909.17966
1408,-54110104031.13992
331,23735587213.980663
170,-62049560616.78644
2192,8044311677.396104
2571,-219469597568.75104
2314,-26020358394.68884
2647,5790618738.810692
422,-226254579267.8087
2457,-183280642334.43347
1838,-44592944036.99621
2805,-80845448146.65268
1645,-38168006042.3421
1711,-127928945525.04033
2825,-113559206203.64
322,-155383285004.31888
2103,-96805029111.29008
342,-2757131522.537555
600,-1026989037.1833074
488,-61710250441.81172
1725,-124809260689.94556
2246,-81030483624.87804
2847,-48217864955.03495
806,-87203800476.28781
530,-80556414896.5146
963,-55626327651.712585
2678,-8746803164.54953
171,-1304583084.2221682
2401,-225860896200.91913
805,-72797830078.38075
2259,-149095969046.14365
1748,-17079066082.850313
1361,-30926339419.71669
1677,-8760357678.283587
1406,-20259386814.644447
2322,-68190664853.92271
688,-59734818762.204544
143,-37657841676.2694
804,-54430860374.21593
1214,-46776193571.12175
2828,-14349808721.538454
1999,-120779739677.11797
2467,-38800852090.452286
2665,-56547272371.162636
1538,-275038014283.9357
398,-2682695135.559199
2822,-24115761739.56457
2157,3279455940.094829
1856,-58259134122.04967
1269,-9621097828.623602
2570,-16946984111.446922
2320,-63981643875.95229
1517,-30584139350.87334
2304,4204021702.1646028
1312,-673080652.2852237
2012,-18952610361.840607
506,-64191211590.15123
2865,-108797376608.80537
2367,6002420447.293864
554,6306938518.547625
238,-27517985550.07256
1954,3157330465.720801
2488,-47004001094.76312
2291,133341773.03800227
1969,646575770.0384943
2725,-56708036223.39203
1482,3365986162.992207
2763,-40614392155.13708
503,-91879204016.46114
1584,-55620735830.82318
1531,-44275860105.20016
2210,-74864229434.12726
459,-128285764317.5757
556,-9187296348.733126
1347,-86331191500.0654
1290,15014511536.038588
1388,362960979.1169808
1571,-97640768201.91238
2754,-43041349030.21263
765,-18455752881.898888
2494,-8872456005.081064
2870,-117500335429.1946
7,-46386464827.64931
1114,-79449492586.3408
2418,-113164924932.02863
291,-68866474899.14601
18,-129271879452.73805
39,-136677067352.39941
1001,-91469458390.66142
2442,-96681389448.08098
616,-18366434487.205414
2680,11599486089.735086
1414,-30823675840.246185
289,-54044633497.69721
40,-81080505673.1493
860,-5300248133.542336
409,-6258854440.708367
673,-45125998485.38858
2427,-21253081861.14609
2036,-67716740595.358444
2564,-47638904874.599686
642,-123186988739.72922
1008,-46359597906.84301
1908,-66528156385.66615
2519,-32848236695.4577
1369,2924644614.5267816
2855,-50158580406.2714
712,7217256159.67169
1943,-33114920154.079758
1958,-12793935649.314909
107,4908475046.129548
2295,-86670265985.6248
704,-20464943067.270096
676,-22918841574.609734
259,-44790064053.612015
93,-131415052701.80884
106,-66931188926.23342
2315,-49498469184.65452
1050,2529979131.9376035
1095,-28978306595.323635
2709,-17878655784.28711
758,-55589507786.773056
1496,-21545919635.177532
2370,-8784328532.214119
2458,-87398650771.92758
2733,-43524945917.60222
161,-203834498971.80136
726,-37978506422.64099
845,-60302005952.41423
947,-89160454128.33548
2232,-28795839148.80925
2563,-38396381151.21896
2299,-76706042165.34581
211,-9874558092.507317
605,-115914977591.6138
1478,-31797347132.731922
2247,-82333135782.60379
2274,-90483773475.9799
2869,-86774797681.48695
967,-78725020964.86978
2656,-18782241545.39584
667,-155218273235.29578
1042,4049643934.488916
2023,-64959074806.18024
2447,-210616782159.3013
2055,1765267288.5868504
2275,-111018021821.99916
2204,-28119722143.61434
1563,-83646948313.7081
483,-44536042492.8456
796,-9167956965.462286
1526,-43310525532.01061
2042,-63800777763.53172
442,-120827765019.88075
1693,-136155819232.13599
1468,-65807122253.608925
1430,-76676735252.30232
2605,-151050175209.2561
1529,-27300344961.04933
335,-24457849945.121094
1287,-25428956676.03046
31,-409409597.1726749
1785,-106200944819.12944
82,-37625784541.81559
2620,-43794879284.16011
252,-37548349714.84216
721,12395737429.090284
2165,-41257426500.59875
2316,-31751814593.599937
775,-1766887124.2904499
1558,-20177679528.85681
17,-53782252778.964676
1022,-109342972712.71587
925,-18817607817.099476
438,-108239881247.6312
1270,-58617596907.44837
1272,-9037850274.527422
215,-50987338388.885666
266,-64118391669.37567
2402,-79863428577.46898
1250,-15946864295.280394
1984,-26641327243.43094
1279,-46254380063.032135
377,-161625322460.43326
1252,-64587446959.36862
2156,-101495606974.7795
499,-154379154145.05405
1374,-14840813819.589369
2898,-146657532701.79166
401,-2624369960.031964
2721,-97184728320.58134
2078,-196421864188.65918
2589,-11833194915.228731
1946,-190634697624.9668
1334,-12154524964.111568
2781,-80118547135.7495
431,-160959325980.17456
576,-31863631502.4248
1474,-49795236828.801834
2254,-1167600969.418431
2155,-93975381311.78336
885,-16217106621.433973
643,-12332618839.133854
1944,-4558413531.1410885
480,-38992540292.02002
2845,-21555842196.08334
2387,-128554936153.03821
2407,-46861706563.00772
2527,-32039364294.753872
2514,-2458840532.764812
629,-54403073514.61215
80,-58276458084.85414
1876,-26967160277.54725
1546,-4143519476.636262
2518,-31895915359.47863
2347,-21440682371.92545
783,-59871696456.90287
1322,-8383454528.3905325
194,11017832462.646404
1770,-150228953609.58112
2143,-2133585043.6526678
1229,-58391287299.62336
511,-104059352605.22095
46,-45735785810.97334
1348,-62345629406.821785
2465,-36573081605.69778
387,-63362555652.762344
873,-54350538368.11382
1918,-7887997278.248575
2764,-66233830937.926414
2184,-5151532115.295225
934,-9564373141.16817
1920,-11306029268.283281
2631,-19320635359.564594
1768,-541961860213.491
2040,-29078438011.87337
1749,-62148754985.57709
834,-67389878959.64433
1457,-111994026070.43837
79,12120018997.170843
2302,8249038247.57409
1817,-1902919374.369994
2755,-91327121995.7578
359,-27769683209.966805
2059,2253204680.0590844
2092,-99440863159.32018
2516,-75842969909.6931
150,-12131883131.233942
1656,-39538161022.911995
83,-11339426923.82746
2411,-38539938556.17793
795,4804896234.326304
2312,-97441545559.34995
2917,23647322413.94936
1624,-29245899362.288548
2215,-235981424260.86108
1211,-20863243679.174046
1485,3371767384.9346604
1024,-30330855111.071026
570,-37416180746.37932
2874,-25586012614.17957
700,-125968386062.57521
2756,-69169703146.54237
2022,-104312938247.83281
583,-92157980540.57446
2392,-122662877602.19029
2424,-49941097027.21516
212,-32688269331.980347
736,-22238926626.48961
1610,-78921000096.97226
890,-25502576442.30747
467,-26749802469.57622
578,-122158981966.71805
1747,-17352230078.850147
1149,-29895173720.42585
2758,-116730793477.35942
857,3643366548.107618
2219,-160612434047.9943
733,-1343351228.9919274
2909,-8929962254.322544
1798,-93139973858.30687
235,-51906509012.28322
2366,-23750115134.318333
1027,-20105531595.477512
1195,-6632704731.343473
1303,23529750037.465855
148,-70728438056.17397
608,-41068075649.99293
2515,-40728655121.54887
821,-93256816054.0273
2500,-133702749474.74815
745,-5491645335.3709545
741,-50092898236.32022
1611,-61914812660.36857
2532,-6983911467.458648
1081,-62122225874.58072
1692,-236833702151.7938
2520,-13499968588.468023
276,-45792398566.88946
1992,-27016975894.05212
663,22885171185.52247
418,4839420871.619106
1733,-38093199019.83318
2359,-19518344973.329357
253,-33886536373.443764
1518,-80142406910.6142
2035,-28249720419.157066
2919,6454549820.919584
1540,-95781989146.58224
2120,-18258091956.218876
1674,-44327789354.701584
256,-14184899585.307207
2361,4203806983.911034
978,17246715370.24081
2280,-4228399255.7835574
2095,-81168323346.0447
1709,-135094242167.11807
2801,-94347923224.38017
1246,3382659907.701511
2373,5483641877.91546
1055,-87692404967.02002
2017,-22462682448.268505
1099,-106876618018.48128
1344,9732414118.826319
835,-96651969318.45216
1117,-56512730199.639145
2043,11442804435.459333
2085,-8175612164.077577
410,-35506991279.43068
2650,-10557972727.08212
2867,-59281690327.165115
1668,-1956164030.7935436
1161,-15496646823.875036
2122,-29701785890.23784
2539,-26145278484.319523
1047,-15576535997.10629
1445,-1470303193.772556
541,-7025789994.680087
569,-99378979486.11153
1276,53637645.42268206
918,-7116184249.04651
326,-50072260106.17069
1936,862402319.3819115
895,2001092443.26254
257,-9114295532.414364
1241,-71845894083.18532
1545,2051739967.2884223
1189,-36516588171.925385
270,3306706074.4198604
2066,-154544742766.86356
693,-12727374871.135542
1259,-70423673658.49457
2916,-40754173674.24199
2321,-155346095333.72095
1977,-6633818351.290636
1895,-41438158372.53974
1240,-35397597503.970505
85,-27010302009.778008
1823,-23188142963.89182
825,-116479617742.17223
110,-66201373843.45256
697,-17953925072.777878
2297,15402060148.943918
1231,-23872147939.685863
1355,-35489546130.32908
968,-124337325573.10536
584,-97070321530.88753
1315,-24031868854.498196
1606,-3752395185.093744
206,1722210915.7732728
1685,-118718723334.75551
2016,-31879053932.770138
869,-67032143727.85706
2135,-1470688684.600086
2346,-39468332733.094795
2430,-66547718213.81787
2198,9627870228.963184
2652,-10448821599.849867
27,-2780586414.685779
241,-28774135981.721085
906,-17235378700.478943
1506,7132588857.564145
2098,-207466665592.52005
1435,-55683188130.82042
2213,-20909561411.91133
1274,-26666833759.297108
743,13352852595.16571
1737,-41265143559.60958
2797,-104086223423.93883
2185,-5409242960.77441
58,-20690307595.29783
830,-35494429815.52192
808,-45350487599.7381
680,-74845686890.3312
1153,1692723230.81617
1291,-24600582662.35091
1818,-103269511220.35422
2161,-29925998013.35433
1883,-16562873032.918425
350,-246461984228.73218
2473,-8493688596.3522415
295,-97273613956.86662
293,-138786815215.57584
859,2990150005.4045577
288,4588542161.650097
1578,-18322476612.77269
102,-30839013633.214
2831,-51573696278.34396
1030,-57628101114.10898
2551,-30043549065.11419
1286,-44714081726.18691
958,-93032782304.90007
776,-794043954.8899066
72,-60963358907.766594
2263,-80593759480.58229
1866,-17557838865.885838
2876,15820486217.94537
2146,-115174850941.46356
103,-23600936662.118732
1500,-14369693666.650805
492,-47472735743.88375
167,-27662324864.891285
2597,5408096446.343908
2685,-11108047230.509972
1035,-15120849563.762165
1220,10181273850.818296
2602,-38677092563.03059
2159,-60207280501.96187
695,-69622828474.84128
1109,-103973653131.37791
640,-61507370517.61043
1652,-15393704253.034275
2090,-71734535412.69254
1188,-101941044585.2273
2345,-115537906818.36865
1059,-232726398967.43246
2751,-96737690297.94557
128,-165053890756.21005
1523,-70648530606.4056
2925,-34444767378.4295
2145,-157516426017.92953
1121,-50297927901.45646
566,-205574030353.71414
565,-58890167164.66192
1331,-59435011824.030594
2928,4652399239.026456
156,-18557155689.04235
797,-53090424478.304855
327,16813413.36885478
2859,-38766430540.56599
1453,8053582676.612483
1762,-205412414260.1909
1868,-73576590986.53879
1760,-48532595216.18987
1113,-83987311087.22385
1812,-58301857395.67682
117,-44399399805.40931
1142,-88256307281.61676
2342,-149735014406.61755
927,-19198157579.219597
2478,-66752084768.227234
655,6394432414.293385
2064,-181514797.1249492
369,-66406872280.20805
2239,-9019620230.70587
2732,-57455572351.46002
1653,-26995840026.00697
959,-50214190582.80321
2395,-157420051442.1132
1412,11367606735.119087
271,-88508960653.67625
1484,3357812952.671555
1497,-20716381014.95966
552,-48555329723.41437
2,-8749582106.987999
1855,-210052160960.00897
4,-168162766874.68774
2292,-17245776670.22043
134,-31268708636.410206
646,-16464270031.362902
42,-100367932329.07625
532,-74421803348.29425
713,-16939409460.758497
2561,-25624181599.097874
2360,-14818956441.451456
1333,-11501134978.714323
1407,-115014145212.22894
2892,-141629510934.078
574,-56981164638.27243
1227,-73545938741.66315
2591,-135179858078.82642
1476,-55872655435.147255
1125,-84360735943.24384
1446,-5700787964.322041
408,-11407134841.444292
1101,-112280002940.7134
2251,-55467309656.19901
373,-55089227215.45641
2554,-9746481452.37375
2382,-92247301190.27022
1985,-7844393658.596863
519,-42329447694.99861
1093,-58356663976.807144
864,-97770266490.04576
2889,-11412014806.010191
2308,-121887002029.25517
986,-24840553747.872124
1302,-48473868673.06894
585,-25248266462.136265
2708,-10827951780.3445
147,-26386886123.22709
1441,-64643481382.11585
383,-66924353421.38523
285,-60819036147.78529
181,-24797790120.238075
358,-24441546548.10313
780,-122438969875.7505
258,-49529976554.240395
1865,-133548262453.34453
692,-12648393036.879011
2902,-158161542101.97906
508,-106965068777.04393
2638,-60316839786.94314
36,-32301602468.838486
611,-58979132418.65221
2281,-18768968328.313663
1678,-8773003300.984133
1696,-278804503781.4593
1557,1426471345.1710188
2180,-24642030391.04613
1726,-43673600107.12194
951,-1489238298.4494655
267,-90818628326.71332
2706,-45991217987.88641
2221,-106862491722.27525
1357,-90654371239.05208
2901,-138607587414.76587
347,-36435503238.992485
2164,-29495661508.182987
1586,-142364213192.44376
360,-26300516597.23241
1769,-85357396217.55869
2617,-42264684682.106445
1879,-95396483809.88046
991,-145461376996.68964
1535,-25937872494.6975
1191,-83641706897.2036
1579,-43105022061.46919
1882,-2792906768.9288135
1510,-42013897784.39684
2196,-138299067107.8665
1845,-30468835748.002483
2336,-184360000465.0826
942,-4862872622.009943
861,8287723852.96601
2555,-14208168146.551394
1392,-47539010268.12445
2099,-96792433673.68169
1543,-279742024.8474586
948,-129227314222.18242
1239,-54913692403.42072
22,-27019383999.047695
2796,-98619077405.21332
2747,-37580631661.91734
92,-131805256801.80324
210,-83164713414.67924
1858,-39228147495.49187
2228,-12406151509.115225
447,-68962398628.6982
827,-83806994096.07178
1649,-71085722310.1207
682,-37157538896.05703
2698,-6580482037.307887
494,-20973540648.989227
214,-49670219223.35941
2441,-109658293085.71422
2679,-11793218169.619263
1336,-4499161175.869972
465,-24588992114.550785
1524,-16845537569.23744
2543,-4174458765.9256005
631,-19770097790.60087
2452,-150918575335.1818
228,-20937060779.49568
126,-83188098179.48685
1092,-45773319768.4592
1122,-48827097064.79431
932,-118947467241.96637
1980,-9398591135.287506
2171,-6734663033.404795
551,-22721286019.177986
2768,-52297581120.17086
2056,-496605431.3147924
1159,-229535992811.49393
2645,-80842943835.95122
1174,-21890982992.694775
2266,-64283434641.74023
2462,-236048921464.46194
1219,-15590421659.694008
2922,-101569796422.79332
118,-33637035730.03864
474,-20360026992.954655
2576,-45689314911.12784
872,-114733110323.68243
1077,-45798220819.35396
1536,-16205106558.83901
1150,-7453548846.164202
2341,-121618780043.73396
1931,-19108267227.072132
2785,-4109057368.0352607
2538,-10040047960.641787
597,-94397979516.75285
464,-37935397816.29875
233,-62225399202.053116
2169,-3541822947.8968625
2123,-16308858930.001244
1867,-41522097976.4222
137,-181602276285.07788
515,-64874170785.080635
933,-90198725.13112997
2784,-40604817328.2808
972,-27218737032.34601
599,-45257757565.59533
2614,3587100148.8453
2582,-8665446363.06952
1409,-62487738785.713905
175,-41042066418.21738
352,-60808683927.0879
976,17754904982.09906
2134,-45093794137.59097
984,13717488057.274395
2396,-139763411179.1402
1673,9360684445.726728
404,-23958030065.72167
607,-45428889186.606026
814,-36354112985.05388
868,-49825587087.85414
2271,-65831148768.27356
1633,-100097701354.41254
337,-132891278188.5216
2765,-75457717073.91876
1746,-72266573586.81252
368,-164392080199.43268
2806,-51682268778.137146
1662,-74242063284.293
1234,-83673497902.13248
1373,-24648001942.832016
1672,-1553049034.2439826
1939,-3288826523.4586635
