Id,SalePrice
2658,140351.57022530143
2718,162999.07333591246
2414,204388.1308214039
1989,105268.8543299971
625,178616.00677627797
333,94144.7529696175
1327,117075.74123319358
858,180113.7408821951
95,175189.9669852528
1568,170666.55790768925
2482,152761.59142758435
1364,122207.79369025116
2584,140388.20902975806
818,265196.8830214548
2673,151043.01525467605
2089,111945.3613006707
1297,146599.87595524936
790,113219.16184337583
2616,183542.47742991653
720,216317.71783415214
222,151045.12341348498
557,129890.04672810955
1148,173919.4282814742
2766,149625.42937710963
534,168012.06575111864
1452,129139.42695789368
630,126503.98359338826
2648,114815.85058771743
125,159919.21880679808
1904,62617.58572825581
1670,113224.87646387346
756,105390.66313869719
717,211153.781299328
1032,163090.3204839288
852,206788.037287623
1731,166398.20074617598
2639,125251.50871896323
2071,95142.34554121646
1267,121636.49601784369
1851,189820.13049072807
567,167400.60258561742
2439,201727.93352471365
1898,149808.7657548727
647,151474.24165566554
2256,199709.689948836
979,92070.97829345989
1444,213596.98918290006
2485,115606.04680497895
157,123727.84447917072
88,132160.75060670928
2003,115191.56868740176
186,184970.00595420462
1425,243516.4314698853
2695,127178.84134312918
738,113381.74787476203
395,151798.2785241918
1353,164052.56561267996
1878,138281.34702138975
390,159989.0098096384
1456,234484.4503860575
1103,327704.19567772606
1387,103056.41456497578
2070,140203.88831012204
1199,170219.9995122658
2479,181041.47782199687
501,319652.84693278646
2362,108231.98980265029
1718,199375.1839355301
2188,82056.67705967069
1483,149614.97924891158
2557,96146.02797008079
437,367464.77041124983
2224,194670.92208400342
1628,164041.2984934329
397,140177.87850440977
587,192803.07635342554
2182,582553.2514276225
971,137737.09604553797
2611,147372.6852430639
1887,100080.5259618153
2399,360711.4063014256
2148,197591.21206628284
304,116327.87755531727
1997,144456.06122982234
2817,109483.96463658276
1431,209495.11148298814
427,350957.09308102506
263,130067.02593630087
598,184733.10652707517
2895,195318.19014728797
687,138468.38096772367
1822,137379.88908315313
2191,111026.64463225058
179,126352.2585395597
1009,201238.96625906893
2010,130345.78231495319
1991,143212.81401712206
1411,171223.8082748467
1721,206519.7852569222
1144,193912.92801593718
593,214154.65284897384
575,280385.3729571569
1249,175997.09975184436
1604,131102.9751300963
1064,514921.18537065195
1923,144165.83259282244
1988,107615.7627372546
2325,172697.20112708426
114,208677.84529294932
2700,148386.31434057857
217,140184.20377835457
343,174672.51198405548
386,222071.9263472871
2005,127817.40605990912
2908,138549.92626415685
1814,218477.12509206703
2446,503754.44593970495
208,132114.79092483342
1679,111994.73845563653
822,352456.30035877164
6,197913.0928237224
1781,391445.34473715123
2397,293373.8424856879
2340,309595.0282010594
1618,166872.69113991625
2843,137017.846265985
1061,426062.02180719894
2786,122225.85367969227
1935,139193.91804021585
1341,118663.82125062947
521,312929.347499775
2136,142923.7564685666
996,207904.58652163472
227,160060.14328749958
135,179119.72790273215
1167,166796.46587475023
294,225022.02434581565
1776,200856.15756120175
540,154878.71466337197
1717,209263.75106122464
2303,132351.882840975
116,182028.49353668638
127,137831.08531217143
1371,127031.5748781972
1014,162696.99175453788
1507,95542.8542997189
702,115516.98891409035
750,150307.72115959384
261,151637.61210571072
1559,67008.640324862
577,209084.424022159
2812,192854.59693444744
2080,150635.2898622594
1368,104466.15698304106
2376,128605.02106526593
659,110536.93967235158
1235,142727.34077091172
332,81584.59799029547
1917,143423.37469720677
2094,249851.58892199607
1460,249081.9627615307
1471,213602.1770342781
1509,123356.61736129277
1922,138935.89352969383
433,499441.19232956535
460,266354.698526145
1116,257703.9348910511
1137,159367.27510675773
53,164532.0637251073
2354,324617.6404343436
1475,189182.03891330492
1761,592767.2443125646
842,145450.58558034836
2739,182376.75005429125
2509,147547.74971888028
1007,201995.0239762565
2610,188878.77763947585
1952,87706.50516007023
2719,166150.46684543518
2921,87357.66004736497
1966,142586.8073170412
292,130832.12214340905
1204,190376.87345030622
1829,250184.47150075657
2419,175841.37123882835
391,153684.87976434926
798,113229.60162960771
481,197539.87451852424
193,219285.81339735462
555,124265.02367320284
899,88188.80095310259
2357,184504.67278989198
328,128984.48905185299
1356,108776.26206027932
1154,113396.62021355986
1730,174739.14449109495
2249,153893.56139452424
1119,284727.2037878905
2856,121315.57862038314
1394,133916.32864371498
2587,119361.49112036297
61,353220.77920068894
2661,171152.22904896588
2711,126859.0712237496
1147,185680.28770598304
757,133641.4987018039
2623,108694.30313400726
2378,142424.04265790214
1413,139587.77463786464
1722,206715.39549959375
1112,230579.19371315447
1623,193230.89580731443
1201,197999.32575817246
1513,130470.70607485631
957,385755.3790557201
1171,295545.7577841381
1145,192797.78731706663
2726,262396.48032408423
703,136488.6829415514
760,93620.28966922963
1964,147443.45879460714
2512,166604.68583617778
159,132082.55500479427
1281,166858.31682733994
468,174711.93239016517
290,123393.87528411267
665,102059.47561276678
1463,245353.62326685828
1792,229000.1673093738
923,153039.67503433587
500,277933.8411644177
1408,169351.50616529374
331,90575.28294052774
170,119808.9666069103
2192,94660.29082925328
2571,267529.63952779095
2314,174052.76914688168
2647,92418.43142840141
422,493263.3839883018
2457,429418.47332946537
1838,189012.73244696995
2805,253999.6777760791
1645,155172.33530637762
1711,269173.0466615383
2825,231182.00542169367
322,357796.74552656815
2103,258292.61402803264
342,117240.57454152548
600,139382.93196884947
488,183624.3480167339
1725,326886.81530436757
2246,271327.2268963497
2847,146122.1145999585
806,236441.75687553512
530,241370.56985918444
963,179344.5801867416
2678,82220.0854155035
171,92055.16158145227
2401,588343.2228096423
805,225767.23036118314
2259,218290.1260722659
1748,180989.9616091266
1361,140689.94251225266
1677,111840.3902490234
1406,159151.33617600542
2322,251213.55428639933
688,150548.86344457231
143,142551.30801037245
804,199518.5838791263
1214,160501.0292660916
2828,139247.33764957084
1999,166473.2984145462
2467,196481.75632422726
2665,150655.59255784113
1538,329237.1096897245
398,118697.21684546438
2822,125148.22658086807
2157,145876.7722451564
1856,185987.21182164387
1269,103206.8664416058
2570,113515.16560997642
2320,231026.71777304122
1517,143750.9285506698
2304,125931.08059068331
1312,102995.61871942128
2012,128739.81535690921
506,225725.63116266835
2865,216427.58096717333
2367,101206.7933943428
554,81433.45255133398
238,125395.7871771019
1954,117092.75176828839
2488,116711.05406986493
2291,62377.94351426682
1969,101223.03441827426
2725,162722.21586743102
1482,147875.23029891003
2763,196422.6157439631
503,259065.56034466822
1584,255574.2217046115
1531,111443.52025813708
2210,157388.1779782845
459,327866.1302700844
556,132944.83276524063
1347,142277.79068662264
1290,79437.90690753076
1388,104796.80440212433
1571,327564.35542550904
2754,200773.57062674165
765,152442.32699953267
2494,134514.30496972823
2870,237021.208004177
7,199056.31534984798
1114,246577.0321318331
2418,263053.8564578411
291,139100.41394363318
18,515956.6942121165
39,429299.8210847541
1001,230519.8950434015
2442,222754.05814856573
616,119719.09467800616
2680,83825.305705
1414,130181.2404135083
289,159988.6903385113
40,246470.53899660462
860,132062.64132448082
409,138150.89910693088
673,151027.01860551542
2427,176617.74515392765
2036,185182.04599744134
2564,137306.117828362
642,148054.2483126733
1008,186838.49564464396
1908,148170.9486992823
2519,188409.06407448516
1369,89059.32000408911
2855,157988.4540267802
712,97830.55400750945
1943,128400.8900081665
1958,124563.30664443705
107,162359.18393436586
2295,176652.0814859423
704,103200.18132462929
676,133939.88932760613
259,191602.0424381262
93,288559.7705363425
106,250141.65412559605
2315,178751.94891275102
1050,118282.37156201847
1095,203209.7242483465
2709,147692.67994823493
758,132271.73187807444
1496,154582.3223296941
2370,119253.5757149953
2458,299811.8010474099
2733,146781.91004768506
161,249235.81791683956
726,153410.62818731493
845,199739.07297557947
947,249660.0229566252
2232,102763.29700790741
2563,148236.25857470997
2299,122327.69735693443
211,89884.58927919323
605,143209.23940931697
1478,198249.37032846946
2247,290377.64093668835
2274,226497.99758971803
2869,203461.95930864618
967,210817.0898998157
2656,136435.75439569535
667,191845.91848716608
1042,108216.34850584272
2023,156747.86922494345
2447,399911.5482275767
2055,119856.76469560107
2275,294547.46403579926
2204,183886.61181465458
1563,271449.3778641916
483,205169.03350446405
796,133403.2097493555
1526,151251.04015510625
2042,107790.44655605832
442,322686.9507286928
1693,314695.6875591018
1468,215480.9016818261
1430,187763.86889896405
2605,134742.4457457898
1529,188389.64364729667
335,138646.34709318032
1287,122436.46012286484
31,103717.31708746319
1785,371684.369224221
82,174440.8785433606
2620,132049.00861861184
252,179360.1098926907
721,75181.7976693116
2165,178934.65841403246
2316,189100.70635082872
775,133235.73037862085
1558,111934.98040965713
17,188999.63457569748
1022,215658.37999658266
925,141969.43481382192
438,270534.7336210794
1270,145315.9101859517
1272,117003.13250256199
215,134195.89448240638
266,220853.11192709414
2402,261792.0760582314
1250,130903.55708691181
1984,97234.96571671576
1279,152406.20309427276
377,235446.38730501648
1252,115376.57882782198
2156,263991.0152862692
499,335066.9029379913
1374,123996.55566017181
2898,230131.37209608516
401,121809.72509679824
2721,168322.10980435432
2078,244659.2533860281
2589,130097.51718587673
1946,232823.67404532965
1334,118648.5990742864
2781,218084.79034680885
431,438293.0657223115
576,198429.20292077563
1474,208492.6362589292
2254,139114.25534857504
2155,291697.3024050091
885,115775.30927518151
643,144767.46854146628
1944,134276.66460115055
480,199506.40724974673
2845,97337.7987891952
2387,325498.1008320461
2407,197092.72818304738
2527,164124.09651345244
2514,144022.35718524834
629,127865.65191129508
80,209553.17478574434
1876,152031.10835615481
1546,119716.59124497461
2518,166101.84368202882
2347,161677.18194134333
783,232062.7210608729
1322,82334.79118080721
194,87220.77996317836
1770,300027.0734232714
2143,140426.2502710032
1229,227728.81778343453
511,296181.1054175558
46,217738.24038323085
1348,152238.46560968016
2465,194643.39229655566
387,243783.41366652347
873,214895.37858617766
1918,136266.43285272797
2764,232982.3195670218
2184,94582.47308829811
934,130605.59931713063
1920,133690.11312338768
2631,144254.0393826177
1768,281375.9340707285
2040,123999.12964638873
1749,213001.06294649385
834,258200.74108295742
1457,226704.40710173076
79,115461.62056302451
2302,130464.25249928984
1817,140593.52994969563
2755,227212.1961823288
359,181090.8499953162
2059,118991.77682405553
2092,220510.77449520287
2516,225486.1568471727
150,124434.85043889866
1656,147785.6209412453
83,90474.1531147695
2411,182530.17490820363
795,84070.38121174856
2312,218406.52434324092
2917,90501.69625102608
1624,175184.06839402358
2215,318131.16187043325
1211,146623.61123180395
1485,148222.34951456063
1024,171297.46994907813
570,196422.5181650092
2874,138865.12913700537
700,126622.14476453167
2756,203326.09218199863
2022,177349.79202845757
583,219598.67007481208
2392,410646.1201645406
2424,172172.2797581923
212,105203.1458308679
736,124572.98419134083
1610,177755.97290299242
890,113808.22952275649
467,178608.04422282623
578,225826.93194528922
1747,188463.24097544825
1149,152298.73009194253
2758,260273.0627550771
857,134933.26445397572
2219,300406.2022247455
733,93030.15865826514
2909,104596.69781674432
1798,267014.24218883354
235,139084.34571795707
2366,121883.33512550501
1027,139795.01647871608
1195,143453.81595524168
1303,68391.28431435116
148,194706.04793880676
608,155856.40883883438
2515,204599.3479196549
821,270847.369851017
2500,250602.62094493897
745,106484.71422999601
741,127772.3222560632
1611,132600.5090686913
2532,136924.99101916913
1081,256879.85932565428
1692,530973.7759627288
2520,178893.71320508825
276,112896.9252012662
1992,128575.04812036484
663,79669.56314441349
418,128462.45432207806
1733,186910.36296424267
2359,154408.26516807266
253,180360.56113641182
1518,189962.46458123595
2035,137847.5045022424
2919,77149.33880848352
1540,260821.39922631957
2120,149262.80197791418
1674,170673.21023797957
256,159990.76506028228
2361,111354.4437726397
978,82976.97686130507
2280,140765.78492576035
2095,222260.68414939317
1709,336344.9535056366
2801,244609.06385198655
1246,117935.75614674069
2373,97323.46100411605
1055,302979.5219883338
2017,128441.23861941465
1099,281254.5548588441
1344,87480.59147892016
835,191662.11805668435
1117,244281.76835061552
2043,102459.87013864199
2085,124972.10334346787
410,145484.51945231803
2650,111253.12438012514
2867,186513.54561312497
1668,120655.46511833428
1161,151116.23161544593
2122,179047.69746355093
2539,159406.34028165415
1047,145973.55705795897
1445,131038.10392109308
541,132060.98182251514
569,214314.5911609257
1276,111447.11127440004
918,160877.80715076267
326,172763.43444825994
1936,124262.13652240523
895,94676.01753199253
257,151540.0219109777
1241,168211.70347943663
1545,114977.46334133904
1189,177637.36106492204
270,144698.76831225248
2066,178092.01956984846
693,115921.70704952152
1259,146087.7804150988
2916,166776.33562251725
2321,299577.549407707
1977,99628.02289571776
1895,142461.7691355963
1240,166516.59611696657
85,149933.17639257663
1823,134289.15941867567
825,313372.95050384087
110,233420.50407202743
697,118107.10907049601
2297,119841.95607859408
1231,137934.92568538807
1355,132860.1150455947
968,348410.51856830495
584,209106.0063009676
1315,127140.31198828638
1606,147067.81643124198
206,100881.90947344422
1685,404486.2081515343
2016,133269.71099534666
869,202919.68230142252
2135,130981.21330183238
2346,183657.77774641558
2430,241629.86835377046
2198,85154.0432325999
2652,118374.1269419321
27,123643.50232085792
241,164137.2533111992
906,138626.2407277759
1506,112965.84810606344
2098,366965.6406597183
1435,220953.76838315488
2213,150811.2036417277
1274,131549.98872434502
743,65505.33046479788
1737,186091.90874834787
2797,274327.7848775331
2185,87398.50441352002
58,167072.46235947494
830,196170.27894270347
808,118701.12438244116
680,135744.06696249038
1153,107574.86335050533
1291,160126.38220618168
1818,144391.4920223578
2161,177810.45895239452
1883,117908.65217422886
350,343649.67937312636
2473,138452.53187659287
295,188391.62747091908
293,175360.1340399715
859,137923.6935301245
288,73344.32739623098
1578,156131.31280392688
102,181890.60145361433
2831,132984.91452234398
1030,161195.19980348778
2551,150367.9747630313
1286,111625.78993938457
958,354099.0416886523
776,134283.98304934413
72,245122.93921380414
2263,248140.55807582947
1866,148860.04982779312
2876,76539.01361696639
2146,243528.4006976297
103,156063.37584193278
1500,132294.5653730495
492,185045.24639176953
167,147123.14911748056
2597,117680.20215541054
2685,111003.26913076564
1035,152628.7780443641
1220,71688.6991975597
2602,157431.15558228537
2159,198398.4165119322
695,124186.82521113877
1109,268793.2239163332
640,165916.68832512462
1652,139083.1287653514
2090,168345.2805201885
1188,187572.02038283824
2345,230571.7377819122
1059,429765.00745639415
2751,225487.672966165
128,204164.08577355763
1523,179126.89308672704
2925,175700.52207218594
2145,293939.44454574183
1121,217518.95440072013
566,231319.20998719233
565,235840.1477042727
1331,142909.96000264253
2928,123156.06872674124
156,150986.68538190867
797,129910.30385130263
327,95555.84671902687
2859,128541.34091318521
1453,125515.16126261331
1762,361222.1828423835
1868,205864.82087012174
1760,182062.30095069192
1113,242865.07967372684
1812,204950.08035335984
117,165841.68232948924
1142,202984.94412676975
2342,436908.3735737475
927,128728.55599360607
2478,187399.82861645514
655,93973.91826291774
2064,121918.41894190689
369,281187.7115502445
2239,128781.3238155107
2732,271295.2711765935
1653,161979.22181150495
959,225912.40252037416
2395,344580.84058229835
1412,110404.67728064986
271,224775.82678350847
1484,150253.8813502782
1497,163557.74139807877
552,144557.10168563205
2,112622.90087369863
1855,293204.908702862
4,261849.44509045893
2292,147249.55148600793
134,142057.02557739755
646,109628.52015111528
42,299072.2361011002
532,222568.07218727883
713,109777.11645373525
2561,147630.14769172043
2360,134472.72583723225
1333,129426.83663896694
1407,244644.8170543925
2892,291312.1410969468
574,204851.85794052336
1227,142756.51438513328
2591,200643.8011678711
1476,208054.91769469882
1125,263762.9762655279
1446,151552.53054932316
408,123038.99431047853
1101,293110.9427059624
2251,207252.5164111103
373,178181.1855381507
2554,132678.89325144392
2382,242858.03633122233
1985,69048.18588613284
519,241902.15920606966
1093,191514.27204400738
864,252373.9937980405
2889,143339.3721131697
2308,204588.6348662825
986,193753.0431003195
1302,102038.1567097173
585,161262.73300122653
2708,148399.45346384286
147,143289.64262769066
1441,217914.23148014492
383,190166.90826578057
285,142712.09558841313
181,110998.43636301089
358,187396.45759862324
780,184849.97163014885
258,188990.6585047055
1865,217793.37745340244
692,118848.45612267437
2902,342996.30416345637
508,259108.47351604473
2638,146291.57266688894
36,143414.7151329241
611,177376.4092191859
2281,167980.02798029786
1678,113748.13227955934
1696,606102.2788846523
1557,86187.2501401051
2180,180451.39614835358
1726,216813.57550883258
951,136432.6756012918
267,214169.8638018117
2706,147959.99870982603
2221,245126.38632086455
1357,160508.30666733658
2901,320532.7365209464
347,175891.63336287384
2164,187228.42075279763
1586,307357.2988930398
360,155454.02416752354
1769,243444.5355865525
2617,136203.30373279148
1879,138170.86867005605
991,233851.16179329556
1535,123198.38740250995
1191,138743.24293487816
1579,213827.65425405288
1882,157075.09808447552
1510,138911.18008616846
2196,119888.3506571249
1845,174289.38660084247
2336,444931.8613928152
942,84176.80796413346
861,130986.36188804347
2555,126681.48026123327
1392,157992.24849819436
2099,249836.86981154772
1543,121326.04583028212
948,275204.5927349908
1239,180876.78707174092
22,185786.4923578443
2796,243934.30566529516
2747,183107.10667062423
92,281361.393936416
210,177719.60067738654
1858,195503.73328302507
2228,146446.21999613903
447,226937.00688276257
827,250736.93143463886
1649,195517.60501679732
682,123756.09145122534
2698,95324.43672277225
494,161076.1008314003
214,102719.7496857368
2441,244467.18243719987
2679,103116.01516055538
1336,121378.57933899446
465,176229.3325161759
1524,147677.88261455373
2543,111476.0712310422
631,148399.84418113157
2452,311717.2555792393
228,144082.74852401513
126,168279.87596985305
1092,226033.67477770871
1122,206029.7431707466
932,223918.84800653928
1980,93268.0167727144
2171,102905.42778267288
551,151821.98197987303
2768,175223.4238423305
2056,117188.09497208084
1159,381687.3712676223
2645,128525.72709424392
1174,164132.99578339237
2266,195522.15240416446
2462,407015.68644766125
1219,146541.35556309263
2922,167201.886069112
118,152322.30138378422
474,168594.35413610883
2576,148577.7838353808
872,271238.15523416
1077,198583.95502494785
1536,136154.21952503716
1150,133554.28456753294
2341,355574.66213736916
1931,199818.57413445172
2785,136295.58118037722
2538,134801.3755913993
597,204346.7257808089
464,173384.524147669
233,231061.18509886332
2169,131421.3946626492
2123,175298.58416925932
1867,173441.22326018402
137,233019.3790802529
515,241004.98339334273
933,112978.69796735478
2784,168043.38159427437
972,169698.23762288893
599,163052.27536090414
2614,123635.33105697586
2582,137374.52218332016
1409,167841.29332105606
175,114819.16470535354
352,223029.4245503412
976,94961.44135254656
2134,190280.9688006407
984,118680.56512076646
2396,416494.6920922717
1673,140800.49939870305
404,115899.02942916309
607,169393.15844603584
814,150756.84350725173
868,188483.71919296082
2271,191814.15950686188
1633,192667.7200339582
337,197655.171358915
2765,185060.39043834605
1746,242425.26614412968
368,371565.6456621601
2806,203947.21288572147
1662,193706.54401167127
1234,220909.07667533524
1373,129125.2011992277
1672,120272.15459937643
1939,122874.99190634192
