Id,SalePrice
2658,158926.5854074813
2718,213737.78199355956
2414,198315.6473875558
1989,126456.28453366668
625,181060.72397779115
333,87137.79863964627
1327,109867.06761636073
858,145350.2502329126
95,210555.03135844134
1568,171599.8769947451
2482,175038.11417495203
1364,143371.42845471972
2584,170326.39611775847
818,279862.99805823877
2673,171398.84502915596
2089,135552.28288347437
1297,163440.98557633138
790,118111.56394280121
2616,201626.81918406463
720,204675.6574076782
222,132962.28387231147
557,125486.95412113564
1148,208263.3365099118
2766,151150.47548434022
534,216919.93437890522
1452,112181.88032641239
630,126742.78258524928
2648,130196.20252859918
125,152643.47994271643
1904,12124.892436888535
1670,100881.32672159583
756,96306.67455289373
717,265247.22917015664
1032,153213.7569212406
852,228869.68194567342
1731,194730.55499496055
2639,120113.29253760027
2071,83265.93085141224
1267,114568.05384044116
1851,216712.23583393288
567,165223.98968805955
2439,224672.92424568022
1898,167631.91733524273
647,146574.7462342973
2256,216194.14510439918
979,98296.11759757274
1444,221695.44155568955
2485,113522.86525745713
157,118145.9408135775
88,118523.70778039517
2003,105435.01958208228
186,224008.59090844658
1425,279397.0771436803
2695,127138.73207865749
738,97577.65559013281
395,163263.27701216168
1353,175592.19914173707
1878,149859.02790663764
390,185555.47331232624
1456,242273.66897948622
1103,302833.3704687774
1387,122553.41847696085
2070,138930.12092985772
1199,198840.89925362426
2479,180092.64156338642
501,303465.0454442098
2362,71382.23922309629
1718,201761.36447916552
2188,41525.49611928407
1483,155661.4634351295
2557,73643.60168069368
437,309308.16425915505
2224,194264.10549241048
1628,187281.47051066044
397,126490.7685630417
587,210650.2506061315
2182,500365.0825666557
971,174990.03957236768
2611,157434.22422315343
1887,92097.26686727209
2399,309642.6775107763
2148,223945.8061986051
304,133761.96075572795
1997,125243.35245837807
2817,107895.21404740144
1431,186555.1514044213
427,333642.1320792015
263,123556.28490197076
598,170347.70841548452
2895,250537.6157285988
687,178555.77996029146
1822,126431.63434518641
2191,98854.92943222099
179,143921.13472727663
1009,216115.96864464297
2010,113139.90636143228
1991,152194.9727306324
1411,151835.54057187517
1721,258243.0537924436
1144,194961.39266726864
593,230756.5871538676
575,260052.95323650492
1249,191481.9697054855
1604,120023.64932521153
1064,387969.87011885596
1923,154077.69406621368
1988,89409.87679999764
2325,169595.63790944684
114,200744.88003158616
2700,220433.28050160897
217,140741.591457051
343,186250.2569581375
386,251358.30825221376
2005,110583.56108247326
2908,135718.5966547937
1814,222011.09068410052
2446,402445.470856861
208,150424.9187903623
1679,125063.90033911611
822,309873.81003366667
6,187730.10515643167
1781,354891.08468698594
2397,273455.39604193834
2340,288254.1483151952
1618,172481.43641636404
2843,135679.4729003131
1061,330209.71163683594
2786,109791.8006682489
1935,125129.75220690668
1341,110703.8720630554
521,298856.9390813322
2136,127945.1653313695
996,189782.3391519247
227,142077.89041148475
135,160130.23577502463
1167,177400.40154729155
294,221085.04617154063
1776,221421.14447919768
540,207639.07881035516
1717,201761.36447916552
2303,110124.60717251641
116,197034.73374335398
127,124969.36886798334
1371,140494.5122683337
1014,183621.8311123636
1507,98504.34461844456
702,157704.19232410798
750,166120.71671011066
261,151494.45677788346
1559,51943.57356300671
577,241250.12447443302
2812,218369.58640495618
2080,159116.9082347653
1368,129525.10402640956
2376,110689.2234329998
659,98675.76886415319
1235,118007.62928209617
332,69746.57217569323
1917,139471.5837658355
2094,248946.6024554975
1460,279656.70946409856
1471,203483.00145005155
1509,119530.25088249729
1922,129476.43769379775
433,398435.939137575
460,269761.0970789499
1116,269938.7127882764
1137,185978.234988607
53,199293.3463530254
2354,247923.20969473338
1475,221932.33217434934
1761,456141.1656446401
842,145139.58353573876
2739,168915.98333081463
2509,180044.34810072975
1007,217257.4822172129
2610,186082.31140797515
1952,71060.70154576469
2719,212607.33360472973
2921,87555.83558171801
1966,134155.61816650466
292,112344.97829679004
1204,212765.8750336205
1829,247398.84304325865
2419,202922.3240860307
391,174275.65123351477
798,124837.47344003594
481,201558.4752744462
193,212137.3354397968
555,122401.88666807418
899,62392.420121714706
2357,198955.56290604756
328,115164.41093510925
1356,121041.24450483173
1154,104084.48846277245
1730,181312.1970353569
2249,150007.36890558037
1119,269961.9890188521
2856,116286.43337054481
1394,141474.15525175957
2587,132331.44139018096
61,313935.75712325145
2661,218267.53035057825
2711,131375.6098970794
1147,187294.18636677857
757,145590.9233682768
2623,84220.12908610515
2378,164408.55391438305
1413,147864.16563201835
1722,239056.5319091233
1112,221519.0010048875
1623,192821.4368249704
1201,189103.92895075004
1513,104410.41363761225
957,249719.12768289703
1171,268826.0626674574
1145,209199.55429093586
2726,238008.83958766842
703,165725.4045507987
760,53496.052806521766
1964,130076.99819741515
2512,195334.4890990446
159,171059.73407702427
1281,182854.9409967577
468,177541.8036049169
290,122364.44483749894
665,100042.58360103425
1463,282454.3199055407
1792,240142.01202213555
923,134266.79298089864
500,271344.82323195715
1408,144816.9071826127
331,51635.875396516174
170,111641.16678309347
2192,72472.59210458724
2571,295110.5230675007
2314,170025.2670926333
2647,85591.07226101193
422,348170.9697472558
2457,332560.7448117626
1838,214664.8783263166
2805,262341.3953280966
1645,175840.08520356333
1711,291803.76383522665
2825,253805.3454772709
322,331824.08685332537
2103,282224.2741657102
342,130864.99963901914
600,93535.72268866631
488,199125.39635397727
1725,303234.51891129883
2246,256679.49014330353
2847,167761.1147428837
806,253851.29035527282
530,238676.76811799733
963,192716.71286766184
2678,57121.0183393599
171,73419.17223081226
2401,352142.46199951577
805,224406.486934409
2259,226596.63697190117
1748,190852.07861740817
1361,147423.20370892715
1677,141708.65620546066
1406,150345.59649806446
2322,230406.2598969622
688,184059.41659500683
143,135113.54243981536
804,210440.728715081
1214,177207.7533895336
2828,173544.73908254202
1999,206100.45735041518
2467,210958.30482861307
2665,187708.18063613167
1538,332307.23269546335
398,103843.8158765817
2822,134205.90104472474
2157,155077.1109607329
1856,171832.6592780936
1269,110552.94460513443
2570,116523.20354488865
2320,260557.48498587543
1517,133571.55924331234
2304,113173.20627369918
1312,95372.60912875691
2012,141180.64824616536
506,218193.517378618
2865,189487.45311972103
2367,122587.57555357204
554,113930.16836773464
238,134601.4468736297
1954,103801.02681992413
2488,179717.04749125126
2291,91061.95042809844
1969,99330.05499831494
2725,167396.0560768328
1482,155661.4634351295
2763,211357.03952864348
503,238157.05677939695
1584,243417.01319559827
1531,158972.19099489506
2210,177297.2485307951
459,306440.9844281471
556,135890.89522623084
1347,155665.14000959042
1290,76845.62312243227
1388,96583.65181123209
1571,179144.27350805863
2754,218802.46244513616
765,128854.57445934229
2494,118488.39641204872
2870,175112.23077835212
7,237386.54637942207
1114,246661.3567742908
2418,284345.6532058057
291,126594.13891740656
18,327186.47058920236
39,318216.50899231713
1001,265038.51770188054
2442,239967.8751297798
616,113606.36415575631
2680,42044.14228562196
1414,112044.38962701685
289,124980.17815837613
40,275670.64757985086
860,130829.5645300406
409,145139.63316030777
673,160435.20806889376
2427,198893.58371919207
2036,209184.39497536002
2564,141388.58372947434
642,188686.92365034507
1008,183174.11869997508
1908,153226.76483882987
2519,216888.95296416408
1369,102615.3101054132
2855,172528.99092250946
712,81533.32188514178
1943,87506.52916539041
1958,132052.61103959032
107,180870.68276703754
2295,193526.52555356664
704,92577.49346546154
676,118008.64543621242
259,188743.7850929671
93,282908.47784873424
106,247304.82626640983
2315,189029.53046898777
1050,107125.75069684396
1095,201736.63321626186
2709,138011.63591223606
758,169493.26410762337
1496,169250.870475363
2370,141124.3037310636
2458,264650.3313535587
2733,124893.64924680581
161,286409.979805195
726,174671.38926075422
845,225276.6744779942
947,266499.9852930149
2232,113660.65611347812
2563,144173.45002027624
2299,142880.14593075402
211,94610.04704730655
605,201177.67787323683
1478,230993.48757869448
2247,258285.32491363212
2274,195296.9677413851
2869,183555.57524556038
967,235211.6441980924
2656,94154.32018452766
667,250194.44762517302
1042,125289.5826091501
2023,170323.19124667556
2447,344565.46306470805
2055,129533.02725153952
2275,284967.50446123374
2204,169463.67661648244
1563,256605.5716801919
483,219951.63308377983
796,123545.9222984917
1526,147603.21057599667
2042,179744.37226602063
442,314608.42181288335
1693,300128.58429207886
1468,221700.93585731555
1430,186252.06476745056
2605,188124.87411343912
1529,184178.19867971865
335,130812.62810904486
1287,143582.27146964846
31,109768.71486758883
1785,265347.28130396665
82,171641.63718193932
2620,117544.33202989702
252,223999.12280609692
721,41966.680266720476
2165,192436.60158865736
2316,178546.03146337369
775,131481.03079776652
1558,101271.56860506767
17,235963.96934257122
1022,235708.05856155674
925,104998.0348849569
438,288025.5987965509
1270,146594.401423397
1272,118211.72898725816
215,128820.38289483171
266,226823.229028997
2402,262327.81675418676
1250,128712.0366537245
1984,127238.73802827578
1279,149553.74695062335
377,261952.8390142077
1252,150158.06124092708
2156,263236.9684552655
499,297693.15706710843
1374,105871.99616932264
2898,263350.96851390647
401,102841.42646011291
2721,186921.50710146106
2078,237848.7937307267
2589,116340.8862359561
1946,246366.05136195454
1334,127640.11693126825
2781,247173.21662052628
431,357527.9895001282
576,216796.04626016947
1474,218189.6562438053
2254,157989.73889028188
2155,294934.19532253523
885,104040.74745337269
643,137172.49624386127
1944,128717.61245536711
480,207823.46682998026
2845,94275.05163661973
2387,290571.1656404219
2407,217170.0440171957
2527,166454.629914762
2514,172882.08664688375
629,184560.6320881131
80,216902.12647799635
1876,127970.28822651203
1546,135263.9035941721
2518,176440.00876167417
2347,168464.92335295887
783,169371.024559933
1322,39149.59473144566
194,56385.488542375155
1770,276837.4417787343
2143,134441.63382214867
1229,212699.26374526997
511,285197.0159749533
46,219128.39366315817
1348,186171.82867402304
2465,209118.91739015724
387,245842.9099615242
873,219151.0308865041
1918,113611.94971620291
2764,241865.13072048104
2184,123947.07851566514
934,155799.795501207
1920,128535.17276214412
2631,153561.1557320638
1768,450734.6938255683
2040,114267.98735397449
1749,224735.1033975347
834,221320.11834355257
1457,250762.88310375647
79,126863.47606621613
2302,111126.9965889852
1817,130750.5670448977
2755,257412.2827384239
359,172313.8230226203
2059,108763.38169679604
2092,249224.63192882203
2516,254320.37895050342
150,110040.82160626329
1656,145076.14910702803
83,102162.71800412214
2411,189304.93505041092
795,67408.23503423785
2312,244097.65129076387
2917,71543.66179507412
1624,194057.7283399757
2215,300031.4631758437
1211,150831.22157344967
1485,157248.20532599487
1024,166549.12795378547
570,198658.52049571928
2874,143607.3605204909
700,167784.26244994253
2756,233158.3231878595
2022,190737.29108866118
583,220868.95410439698
2392,309043.42245571315
2424,216394.40135445236
212,105794.88964762655
736,121680.43066797242
1610,170086.3368514867
890,117377.58426427795
467,179202.3334323587
578,257421.03460067348
1747,191119.8880022401
1149,176570.17052126792
2758,234588.18440709077
857,124731.5308824894
2219,271655.5852366423
733,109737.25096126832
2909,119443.5124047827
1798,282531.13377708406
235,104863.35319983796
2366,141963.137106386
1027,137389.70990356104
1195,138349.0705064095
1303,-4664.700932032429
148,185508.26846370916
608,153117.05105102155
2515,197510.5980643502
821,282441.64716813783
2500,275003.57451397786
745,112900.26912387367
741,142038.61824706336
1611,123005.89402526268
2532,114413.06112668454
1081,233610.82371409843
1692,362482.7605850925
2520,201914.00001973403
276,125977.99735212931
1992,125446.48305493523
663,-9402.030502756592
418,154303.8294010954
1733,190217.49847118068
2359,157290.65785895544
253,214072.4938261169
1518,160997.2900192868
2035,143559.61660139705
2919,69746.57217569323
1540,226352.29297147063
2120,158807.16371873487
1674,190920.07615325786
256,156680.1396770319
2361,87247.84441483417
978,66689.69196288241
2280,165546.97861460992
2095,226632.9959388189
1709,301369.7976437991
2801,241083.3639353586
1246,93935.29729797598
2373,122899.50295098661
1055,278444.93827059027
2017,117113.05317417486
1099,267259.65990618104
1344,90974.70949696936
835,178570.42366310977
1117,225981.82850451884
2043,70887.81623516534
2085,122643.47109114006
410,167284.3329422234
2650,127087.91123857559
2867,169455.49522889522
1668,115380.27594120987
1161,191567.17743517482
2122,179064.76342881867
2539,139757.91118208412
1047,152490.1069439985
1445,119351.87303164229
541,132593.3651906473
569,227737.1818083094
1276,130859.82471216773
918,147243.61140936613
326,178910.4948428839
1936,117708.525533668
895,83216.77922067652
257,145018.7854415453
1241,184753.4407920898
1545,125801.00205000676
1189,177923.697494352
270,155661.4634351295
2066,203182.22924726875
693,111569.80252675829
1259,185570.9886072199
2916,151510.00454951124
2321,284652.06498896936
1977,95345.83839421021
1895,164440.04150729463
1240,165105.63140221732
85,152679.41221688362
1823,115594.76825728989
825,278237.2112531357
110,229005.89448416443
697,124068.28779210406
2297,87793.16734152962
1231,137836.76303612185
1355,135766.0078314573
968,314559.7808564182
584,230739.16070522927
1315,111667.05685441359
1606,141961.01102958876
206,114977.09127220651
1685,309964.5432391416
2016,130739.9552095409
869,225667.66400669212
2135,124039.16721947957
2346,171071.98227304872
2430,237522.73143453593
2198,80862.77795849205
2652,123379.11801082152
27,101706.99761489965
241,185870.6656340412
906,110758.59569221339
1506,92437.96266413573
2098,330852.78407782293
1435,217808.01287355856
2213,121428.58879093011
1274,143896.85734122433
743,-94.01747697708197
1737,213020.50291155605
2797,274829.41536209243
2185,64134.193537830375
58,189856.24875342916
830,213706.81151033868
808,152554.49759157887
680,160829.96331922337
1153,110157.81717919046
1291,147996.82988040638
1818,192851.14675630094
2161,205445.37250032322
1883,131494.30496913986
350,326879.43892999715
2473,155831.7842654076
295,186329.40103387996
293,206155.91710411152
859,111659.05040118913
288,41199.09990638844
1578,149610.2410024281
102,175016.16077286378
2831,194288.41217728937
1030,182944.01361717866
2551,133188.01448839763
1286,144958.14394558407
958,301353.9493589462
776,127987.45705420105
72,205336.97644749447
2263,270783.0430299945
1866,158375.7717110163
2876,49743.20169997378
2146,274272.9722244744
103,192744.45657758927
1500,173246.43116649124
492,190588.6740166028
167,140630.85202663043
2597,110495.20655915467
2685,101746.09737869352
1035,156964.86237336905
1220,32504.915884765098
2602,144801.72403629753
2159,222877.42287927703
695,166258.37006504997
1109,236982.20260833972
640,193126.23314057803
1652,158094.4348044314
2090,196301.55665190122
1188,213118.13300034264
2345,244038.90665431344
1059,357109.2977049106
2751,257081.26153530437
128,211109.11454136414
1523,173235.6832008888
2925,160079.71837517666
2145,309396.9920304008
1121,243854.42541680508
566,302990.46213820507
565,219680.95345397037
1331,129961.85213854746
2928,113977.1436123373
156,145268.5542706002
797,158121.9080890452
327,89308.89300490823
2859,142871.56083709933
1453,104274.05277056177
1762,321767.78993345425
1868,218544.08673240128
1760,190813.70263626054
1113,274233.6330702598
1812,194748.96239377186
117,176202.00096311048
1142,215734.56300029042
2342,323368.7751534956
927,123331.64039084199
2478,205668.40613623918
655,55365.977597383084
2064,112492.79151994176
369,229005.96343806572
2239,122901.99354607984
2732,217440.32777426415
1653,169617.41391497245
959,221250.36577992863
2395,308126.8395806921
1412,93660.9046960969
271,263428.34629646013
1484,155661.4634351295
1497,139795.3014602142
552,184641.29257437773
2,122093.1018192533
1855,278158.8266637572
4,256052.99478118913
2292,162583.97319450905
134,131205.1721536375
646,109274.04204267263
42,300546.4689031218
532,234180.1071264383
713,86462.77435214259
2561,124765.28831769875
2360,127494.51667570206
1333,121861.23194391723
1407,194678.27360443003
2892,260795.64367211028
574,238460.26078005997
1227,192367.22222902277
2591,247159.33602637378
1476,224951.38670291193
1125,263201.53111481084
1446,118541.52126886533
408,114118.03318521846
1101,285318.5328312742
2251,187534.98922601738
373,206028.84261056548
2554,107597.60590382479
2382,276880.5508036292
1985,67128.73819999467
519,238949.64995501796
1093,198384.24234253936
864,266802.6294012896
2889,155962.90464509372
2308,208317.80896895542
986,153503.3467070756
1302,156022.74019572372
585,163045.30959150055
2708,153463.95808372763
147,130414.08904263726
1441,226691.62687632558
383,169796.97641534428
285,166174.2489668941
181,116189.14148367383
358,167443.01128178788
780,182914.23984398064
258,213980.41400766955
1865,220909.70664997515
692,137558.12901490438
2902,308084.67802189663
508,290110.0216467499
2638,141368.85993282427
36,166417.1008608658
611,187751.90568959224
2281,116004.09663824318
1678,141708.65620546066
1696,375109.9755912118
1557,72692.83129722229
2180,155552.70585512393
1726,238059.754644827
951,140490.6233015426
267,241305.7244328463
2706,136341.6688344956
2221,211838.34848176944
1357,176428.63326449716
2901,297401.89451616234
347,199429.01367883803
2164,205496.17927045585
1586,299555.4094841641
360,173626.00540093705
1769,232499.45477505983
2617,177116.95905023091
1879,174099.69426417258
991,224057.18229932734
1535,115374.32354920963
1191,174231.1002529529
1579,221810.58232607925
1882,142750.84392653196
1510,118787.27227996872
2196,163406.63585660257
1845,173429.4188819984
2336,331166.0948693736
942,90557.7821093665
861,115848.5075861346
2555,86950.44944950962
1392,142380.2469546853
2099,282224.2741657102
1543,142590.3896919042
948,265474.59545829333
1239,158617.7487256676
22,184510.84534895536
2796,258091.29111422575
2747,174602.3873667298
92,288024.7492765852
210,161152.23600918776
1858,226299.6696912099
2228,206106.60904526245
447,237228.17363764253
827,245334.98204162624
1649,216074.82599439332
682,137150.06840780377
2698,123655.41057454422
494,189645.34622562025
214,91887.13694523484
2441,253942.91362532484
2679,105514.50655478006
1336,120309.68655478745
465,198650.25912756566
1524,127392.63825666066
2543,119700.63727479428
631,123355.46621529991
2452,298306.1369907763
228,155700.90843807417
126,165877.70687871985
1092,217853.77905487642
1122,220693.72775150836
932,208755.19389369152
1980,80113.10319322371
2171,98813.36102469452
551,162481.7268732104
2768,177471.78334116098
2056,112128.33590375143
1159,338916.9038347425
2645,128078.03239278449
1174,189572.55599319423
2266,214966.93670939445
2462,353679.4257686436
1219,134516.10867117275
2922,212847.37337955064
118,148650.34497077554
474,195926.76011746214
2576,166234.20537043642
872,274446.1614436647
1077,239712.58091766015
1536,137770.1912535862
1150,117147.87026447407
2341,290287.21137015685
1931,135862.2954316144
2785,116538.7423018387
2538,121048.08854749729
597,224353.90400206717
464,205956.4577353308
233,220581.02321953233
2169,114286.48931977595
2123,167378.98398864246
1867,177055.4653126942
137,267176.7229449593
515,231700.54403550737
933,142216.93974531605
2784,182682.79319150466
972,175461.47862261883
599,172982.3624161093
2614,121684.9679575772
2582,135433.84804032906
1409,160325.92310449504
175,76188.59297321807
352,240538.5528588663
976,76235.5452765082
2134,214125.12763012713
984,98758.38971647085
2396,318317.51679785154
1673,160619.60833460186
404,140210.07968319557
607,166447.78370909765
814,167388.69444946945
868,214575.8217037164
2271,205001.15429500653
1633,232019.77543063764
337,200773.21933071804
2765,165869.80824976135
1746,241432.46293817135
368,311294.269321274
2806,221596.790100059
1662,192577.89498913335
1234,204278.07268886012
1373,131407.39924111217
1672,102635.6086073555
1939,108230.8328529268
